Bi-ventricle multipatch geometry data

Control points
[0.022487848825130267, -0.016164256411050855, 0.024799999999999996]
[0.029179474811263335, -0.02097419439524039, -0.0017651239411900501]
[0.021765537861825612, -0.015645059590129413, -0.027476974579739036]
[0.03410670963098082, 0.0, 0.024799999999999992]
[0.046683398486340434, -2.1557767316938538e-17, -0.008734271085496634]
[0.029011052164423023, -3.020948197732575e-17, -0.03662376495879867]
[0.022487848825130267, 0.016164256411050855, 0.024799999999999996]
[0.029179474811263335, 0.02097419439524039, -0.0017651239411900501]
[0.021765537861825612, 0.015645059590129413, -0.027476974579739036]
[0.016798870358465078, -0.012075021048113007, 0.024799999999999996]
[0.02235820846553573, -0.01607107097432891, -0.0005174231183822876]
[0.016531720621623777, -0.011882993928043527, -0.025611874228973125]
[0.025478390481013035, 0.0, 0.024799999999999992]
[0.03589662923409841, -1.0099514740327337e-17, -0.00703560097602106]
[0.022034953253453313, -1.4161404520786128e-17, -0.03413779268871509]
[0.016798870358465078, 0.012075021048113007, 0.024799999999999996]
[0.02235820846553573, 0.01607107097432891, -0.0005174231183822876]
[0.016531720621623777, 0.011882993928043527, -0.025611874228973125]
[0.011109891891799888, -0.007985785685175158, 0.024799999999999996]
[0.015536942119808125, -0.011167947553417426, 0.0007302777044254748]
[0.01129790338142194, -0.00812092826595764, -0.023746773878207214]
[0.016850071331045248, 0.0, 0.024799999999999992]
[0.025109859981856383, 1.358737836283864e-18, -0.0053369308665454866]
[0.015058854342483606, 1.8866729357534937e-18, -0.031651820418631516]
[0.011109891891799888, 0.007985785685175158, 0.024799999999999996]
[0.015536942119808125, 0.011167947553417426, 0.0007302777044254748]
[0.01129790338142194, 0.00812092826595764, -0.023746773878207214]
[0.022487848825130267, 0.016164256411050855, 0.024799999999999996]
[0.029179474811263335, 0.02097419439524039, -0.0017651239411900501]
[0.021765537861825612, 0.015645059590129413, -0.027476974579739036]
[0.010868988019279699, 0.03232851282210171, 0.024799999999999996]
[0.007927287498052814, 0.044195927820613046, -0.012631760197390747]
[0.008042815153184916, 0.02613224759600261, -0.041618612026555084]
[-0.00815517574676947, 0.02646657587681894, 0.024800000000000003]
[-0.001428514904207266, 0.03861652693054417, -0.006683245213938978]
[-0.010067374832200935, 0.022363931899312146, -0.03305671906862817]
[0.016798870358465078, 0.012075021048113007, 0.024799999999999996]
[0.02235820846553573, 0.01607107097432891, -0.0005174231183822876]
[0.016531720621623777, 0.011882993928043527, -0.025611874228973125]
[0.008119350235917113, 0.024150042096226013, 0.024799999999999996]
[0.008814216017297191, 0.034902305732172026, -0.012222032384406077]
[0.0062574719148055045, 0.019247173365597427, -0.03987291835403568]
[-0.006092078490290426, 0.01977105860344937, 0.0248]
[-0.00434668322717033, 0.02910702323780273, -0.006803243818468685]
[-0.007351259340113363, 0.016330281329212784, -0.03305671906862817]
[0.011109891891799888, 0.007985785685175158, 0.024799999999999996]
[0.015536942119808125, 0.011167947553417426, 0.0007302777044254748]
[0.01129790338142194, 0.00812092826595764, -0.023746773878207214]
[0.005369712452554526, 0.015971571370350317, 0.024799999999999992]
[0.00970114453654157, 0.025608683643731003, -0.01181230457142141]
[0.004472128676426092, 0.012362099135192248, -0.03812722468151629]
[-0.004028981233811383, 0.013075541330079803, 0.024799999999999996]
[-0.007264851550133395, 0.0195975195450613, -0.006923242422998392]
[-0.004635143848025792, 0.010296630759113424, -0.03305671906862818]
[-0.00815517574676947, 0.02646657587681894, 0.024800000000000003]
[-0.001428514904207267, 0.03861652693054417, -0.006683245213938978]
[-0.010067374832200935, 0.022363931899312146, -0.03305671906862817]
[-0.013033646836801933, 0.024963367101346223, 0.02480000000000001]
[-0.008489155666517251, 0.03693742392567234, -0.0039336981365343205]
[-0.013828491971574887, 0.022416804307699982, -0.029646988128968904]
[-0.01705555859367942, 0.021819588702853207, 0.024800000000000003]
[-0.014692781026562974, 0.033356312962707364, -0.00027671734401923974]
[-0.01708601170134326, 0.021653315495775337, -0.02515759163683639]
[-0.006092078490290426, 0.01977105860344937, 0.0248]
[-0.004346683227170331, 0.02910702323780273, -0.006803243818468685]
[-0.007351259340113363, 0.016330281329212784, -0.03305671906862817]
[-0.009736393427937666, 0.018648131749162904, 0.024800000000000003]
[-0.010121080763248334, 0.027140288246804853, -0.004215720283494154]
[-0.011017162866020825, 0.016038243340826635, -0.030142426655470685]
[-0.012740841506647126, 0.01629966675534768, 0.0248]
[-0.014352413922984055, 0.023487025800461945, -0.00026761288089694694]
[-0.014021292960764726, 0.014855413742159838, -0.025157591636836393]
[-0.004028981233811383, 0.013075541330079803, 0.024799999999999996]
[-0.007264851550133395, 0.0195975195450613, -0.006923242422998392]
[-0.004635143848025792, 0.010296630759113424, -0.03305671906862818]
[-0.006439140019073399, 0.012332896396979582, 0.024799999999999992]
[-0.011753005859979414, 0.017343152567937368, -0.004497742430453988]
[-0.008205833760466762, 0.009659682373953288, -0.03063786518197247]
[-0.008426124419614833, 0.010779744807842157, 0.024799999999999996]
[-0.014012046819405134, 0.013617738638216524, -0.0002585084177746542]
[-0.01095657422018619, 0.00805751198854434, -0.025157591636836396]
[-0.01705555859367942, 0.021819588702853207, 0.024800000000000003]
[-0.01469278102656298, 0.03335631296270735, -0.00027671734401924045]
[-0.01708601170134326, 0.021653315495775337, -0.02515759163683639]
[-0.022091662506384648, 0.017883054126664313, 0.024799999999999996]
[-0.02769663408714406, 0.025679582214497187, 0.005282014214670002]
[-0.026239411768161656, 0.016004280739552443, -0.02124777943236043]
[-0.024893092084346903, 0.012137565513081152, 0.024799999999999996]
[-0.03158463732598745, 0.010993074247296375, 0.007028340729227795]
[-0.029625992289090006, 0.006837872964367632, -0.012668193727627291]
[-0.012740841506647126, 0.01629966675534768, 0.0248]
[-0.014352413922984057, 0.023487025800461938, -0.0002676128808969476]
[-0.014021292960764726, 0.014855413742159838, -0.025157591636836393]
[-0.01650291129816725, 0.013358997128775278, 0.024799999999999996]
[-0.021903654858084605, 0.017919765076354895, 0.0051883612010066625]
[-0.020135814093092834, 0.011094458174808666, -0.02024329672335124]
[-0.018595634913685634, 0.009067002855949954, 0.024799999999999996]
[-0.024087019691751428, 0.008357458480682124, 0.007665564188818433]
[-0.022502022728352476, 0.005193614153286932, -0.011808293650331644]
[-0.008426124419614833, 0.010779744807842157, 0.024799999999999996]
[-0.014012046819405134, 0.013617738638216527, -0.00025850841777465467]
[-0.01095657422018619, 0.00805751198854434, -0.025157591636836396]
[-0.010914160089949849, 0.008834940130886242, 0.024799999999999996]
[-0.01611067562902515, 0.010159947938212606, 0.005094708187343323]
[-0.014032216418024013, 0.006184635610064889, -0.019238814014342052]
[-0.012298177743024365, 0.005996440198818756, 0.024799999999999996]
[-0.016589402057515402, 0.005721842714067873, 0.00830278764840907]
[-0.015378053167614944, 0.0035493553422062314, -0.010948393573035996]
[-0.024893092084346903, -0.012137565513081152, 0.024799999999999996]
[-0.031584637325987444, -0.01099307424729637, 0.007028340729227794]
[-0.029625992289090006, -0.006837872964367632, -0.012668193727627291]
[-0.030811219735390055, 0.0, 0.024799999999999996]
[-0.03508214391464852, -3.4320069519712517e-17, 0.0065099914812731825]
[-0.031110205176164973, -5.940429314314134e-17, -0.013302849141124808]
[-0.024893092084346903, 0.012137565513081152, 0.024799999999999996]
[-0.031584637325987444, 0.01099307424729637, 0.007028340729227794]
[-0.029625992289090006, 0.006837872964367632, -0.012668193727627291]
[-0.018595634913685634, -0.009067002855949953, 0.024799999999999996]
[-0.02408701969175143, -0.00835745848068212, 0.007665564188818415]
[-0.022502022728352476, -0.005193614153286929, -0.011808293650331644]
[-0.023016593981305365, 1.1165112392610174e-18, 0.024799999999999996]
[-0.026745219751664058, -2.844228498162645e-17, 0.007157275701203919]
[-0.02362933660168299, -3.187842367371901e-17, -0.012399869501670855]
[-0.018595634913685634, 0.009067002855949954, 0.024799999999999996]
[-0.02408701969175142, 0.00835745848068212, 0.007665564188818432]
[-0.022502022728352476, 0.005193614153286932, -0.011808293650331644]
[-0.012298177743024366, -0.005996440198818753, 0.024799999999999996]
[-0.01658940205751542, -0.00572184271406787, 0.008302787648409036]
[-0.015378053167614944, -0.0035493553422062275, -0.010948393573035996]
[-0.015221968227220675, 2.233022478522035e-18, 0.024799999999999996]
[-0.0184082955886796, -2.2564500443540388e-17, 0.007804559921134656]
[-0.016148468027201008, -4.3525542042966816e-18, -0.011496889862216903]
[-0.012298177743024365, 0.005996440198818756, 0.024799999999999996]
[-0.016589402057515402, 0.005721842714067873, 0.00830278764840907]
[-0.015378053167614944, 0.0035493553422062314, -0.010948393573035996]
[-0.01705555859367942, -0.021819588702853207, 0.024800000000000003]
[-0.01469278102656298, -0.03335631296270735, -0.00027671734401924045]
[-0.01708601170134326, -0.021653315495775337, -0.02515759163683639]
[-0.022091662506384648, -0.017883054126664313, 0.024799999999999996]
[-0.02769663408714406, -0.025679582214497187, 0.005282014214670002]
[-0.026239411768161656, -0.016004280739552443, -0.02124777943236043]
[-0.024893092084346903, -0.012137565513081152, 0.024799999999999996]
[-0.03158463732598745, -0.010993074247296375, 0.007028340729227795]
[-0.029625992289090006, -0.006837872964367632, -0.012668193727627291]
[-0.012740841506647126, -0.016299666755347685, 0.0248]
[-0.01435241392298405, -0.023487025800461928, -0.00026761288089698163]
[-0.014021292960764726, -0.014855413742159838, -0.025157591636836393]
[-0.01650291129816725, -0.01335899712877528, 0.0248]
[-0.021903654858084872, -0.01791976507635517, 0.005188361201006985]
[-0.020135814093092817, -0.011094458174808672, -0.02024329672335126]
[-0.018595634913685634, -0.009067002855949953, 0.024799999999999996]
[-0.024087019691751435, -0.008357458480682122, 0.007665564188818414]
[-0.022502022728352476, -0.005193614153286929, -0.011808293650331644]
[-0.008426124419614833, -0.01077974480784216, 0.024799999999999996]
[-0.01401204681940512, -0.013617738638216508, -0.00025850841777472276]
[-0.01095657422018619, -0.00805751198854434, -0.025157591636836396]
[-0.010914160089949854, -0.008834940130886244, 0.024800000000000003]
[-0.016110675629025684, -0.010159947938213154, 0.005094708187343968]
[-0.014032216418023975, -0.006184635610064901, -0.019238814014342093]
[-0.012298177743024366, -0.005996440198818753, 0.024799999999999996]
[-0.01658940205751542, -0.0057218427140678695, 0.008302787648409034]
[-0.015378053167614944, -0.0035493553422062275, -0.010948393573035996]
[-0.00815517574676947, -0.02646657587681894, 0.024800000000000003]
[-0.001428514904207267, -0.03861652693054417, -0.006683245213938978]
[-0.010067374832200935, -0.022363931899312146, -0.03305671906862817]
[-0.013033646836801933, -0.024963367101346223, 0.02480000000000001]
[-0.008489155666517251, -0.03693742392567234, -0.0039336981365343205]
[-0.013828491971574887, -0.022416804307699982, -0.029646988128968904]
[-0.01705555859367942, -0.021819588702853207, 0.024800000000000003]
[-0.014692781026562974, -0.033356312962707364, -0.00027671734401923974]
[-0.01708601170134326, -0.021653315495775337, -0.02515759163683639]
[-0.006092078490290429, -0.01977105860344937, 0.0248]
[-0.004346683227170326, -0.029107023237802718, -0.006803243818468668]
[-0.007351259340113362, -0.016330281329212784, -0.03305671906862817]
[-0.009736393427937666, -0.0186481317491629, 0.024800000000000003]
[-0.010121080763248386, -0.027140288246804933, -0.00421572028349409]
[-0.011017162866020818, -0.01603824334082663, -0.030142426655470678]
[-0.012740841506647126, -0.016299666755347685, 0.0248]
[-0.014352413922984048, -0.023487025800461938, -0.00026761288089698174]
[-0.014021292960764726, -0.014855413742159838, -0.025157591636836393]
[-0.004028981233811387, -0.013075541330079802, 0.024799999999999996]
[-0.007264851550133384, -0.01959751954506127, -0.006923242422998358]
[-0.004635143848025789, -0.010296630759113426, -0.03305671906862818]
[-0.006439140019073398, -0.012332896396979577, 0.024799999999999992]
[-0.011753005859979519, -0.017343152567937524, -0.004497742430453859]
[-0.00820583376046675, -0.009659682373953283, -0.030637865181972455]
[-0.008426124419614833, -0.01077974480784216, 0.024799999999999996]
[-0.01401204681940512, -0.01361773863821651, -0.0002585084177747238]
[-0.01095657422018619, -0.00805751198854434, -0.025157591636836396]
[0.022487848825130267, -0.016164256411050855, 0.024799999999999996]
[0.029179474811263335, -0.02097419439524039, -0.0017651239411900501]
[0.021765537861825612, -0.015645059590129413, -0.027476974579739036]
[0.010868988019279699, -0.03232851282210171, 0.024799999999999996]
[0.007927287498052814, -0.044195927820613046, -0.012631760197390747]
[0.008042815153184916, -0.02613224759600261, -0.041618612026555084]
[-0.00815517574676947, -0.02646657587681894, 0.024800000000000003]
[-0.001428514904207266, -0.03861652693054417, -0.006683245213938978]
[-0.010067374832200935, -0.022363931899312146, -0.03305671906862817]
[0.016798870358465078, -0.012075021048113007, 0.024799999999999996]
[0.02235820846553573, -0.01607107097432891, -0.0005174231183822876]
[0.016531720621623777, -0.011882993928043527, -0.025611874228973125]
[0.008119350235917111, -0.024150042096226013, 0.024799999999999996]
[0.00881421601729723, -0.03490230573217202, -0.012222032384406074]
[0.006257471914805517, -0.019247173365597423, -0.03987291835403567]
[-0.006092078490290429, -0.01977105860344937, 0.0248]
[-0.004346683227170325, -0.029107023237802718, -0.006803243818468668]
[-0.007351259340113362, -0.016330281329212784, -0.03305671906862817]
[0.011109891891799888, -0.007985785685175158, 0.024799999999999996]
[0.015536942119808125, -0.011167947553417426, 0.0007302777044254748]
[0.01129790338142194, -0.00812092826595764, -0.023746773878207214]
[0.005369712452554525, -0.015971571370350317, 0.024799999999999992]
[0.009701144536541643, -0.02560868364373099, -0.011812304571421402]
[0.004472128676426117, -0.012362099135192236, -0.038127224681516254]
[-0.004028981233811387, -0.013075541330079802, 0.024799999999999996]
[-0.007264851550133384, -0.01959751954506127, -0.006923242422998358]
[-0.004635143848025789, -0.010296630759113426, -0.03305671906862818]
[-0.01708601170134326, -0.021653315495775337, -0.02515759163683639]
[-0.022066141209570588, 3.2420876651136727e-17, -0.07116808537265523]
[-0.01708601170134326, 0.021653315495775337, -0.02515759163683639]
[-0.026239411768161656, -0.016004280739552443, -0.02124777943236043]
[-0.02995373341196334, -2.320952060836972e-17, -0.048247991844714025]
[-0.026239411768161656, 0.016004280739552443, -0.02124777943236043]
[-0.029625992289090006, -0.006837872964367632, -0.012668193727627291]
[-0.031110205176164973, -5.940429314314134e-17, -0.013302849141124808]
[-0.029625992289090006, 0.006837872964367632, -0.012668193727627291]
[-0.014021292960764726, -0.014855413742159838, -0.025157591636836393]
[-0.01829740051533388, 1.8457423960914656e-17, -0.05226380423698975]
[-0.014021292960764726, 0.014855413742159838, -0.025157591636836393]
[-0.020135814093092817, -0.011094458174808672, -0.02024329672335126]
[-0.022870957311481033, 5.257976008331787e-17, -0.03564388411556695]
[-0.020135814093092834, 0.011094458174808666, -0.02024329672335124]
[-0.022502022728352476, -0.005193614153286929, -0.011808293650331644]
[-0.02362933660168299, -3.187842367371901e-17, -0.012399869501670855]
[-0.022502022728352476, 0.005193614153286932, -0.011808293650331644]
[-0.01095657422018619, -0.00805751198854434, -0.025157591636836396]
[-0.014528659821097174, 4.493971270692589e-18, -0.03335952310132427]
[-0.01095657422018619, 0.00805751198854434, -0.025157591636836396]
[-0.014032216418023975, -0.006184635610064901, -0.019238814014342093]
[-0.015788181210998727, 1.2836904077500545e-16, -0.023039776386419884]
[-0.014032216418024013, 0.006184635610064889, -0.019238814014342052]
[-0.015378053167614944, -0.0035493553422062275, -0.010948393573035996]
[-0.016148468027201008, -4.3525542042966816e-18, -0.011496889862216903]
[-0.015378053167614944, 0.0035493553422062314, -0.010948393573035996]
[-0.010067374832200935, -0.022363931899312146, -0.03305671906862817]
[-0.020473996682688587, 3.1623079132271096e-17, -0.06898266716043434]
[-0.010067374832200935, 0.022363931899312146, -0.03305671906862817]
[-0.013828491971574887, -0.022416804307699982, -0.029646988128968894]
[-0.02174541010856207, 3.521826503647662e-17, -0.07149072486654595]
[-0.013828491971574887, 0.022416804307699982, -0.029646988128968894]
[-0.01708601170134326, -0.021653315495775337, -0.02515759163683639]
[-0.022066141209570594, 3.2266081361357893e-17, -0.07116808537265526]
[-0.01708601170134326, 0.021653315495775337, -0.02515759163683639]
[-0.007351259340113362, -0.016330281329212784, -0.03305671906862817]
[-0.014109293520388595, 2.673327958082038e-17, -0.06210760139874258]
[-0.007351259340113363, 0.016330281329212784, -0.03305671906862817]
[-0.011017162866020818, -0.01603824334082663, -0.03014242665547067]
[-0.01691708331802282, 1.3473457116461053e-16, -0.05964202533342809]
[-0.011017162866020825, 0.016038243340826635, -0.030142426655470685]
[-0.014021292960764726, -0.014855413742159838, -0.025157591636836393]
[-0.018297400515333885, 1.838002631602524e-17, -0.052263804236989765]
[-0.014021292960764726, 0.014855413742159838, -0.025157591636836393]
[-0.004635143848025789, -0.010296630759113426, -0.03305671906862818]
[-0.007744590358088601, 2.1843480029369664e-17, -0.055232535637050814]
[-0.004635143848025792, 0.010296630759113424, -0.03305671906862818]
[-0.00820583376046675, -0.009659682373953284, -0.030637865181972448]
[-0.012088756527483572, 2.3425087729274445e-16, -0.04779332580031024]
[-0.008205833760466762, 0.009659682373953288, -0.030637865181972472]
[-0.01095657422018619, -0.00805751198854434, -0.025157591636836396]
[-0.014528659821097174, 4.493971270692589e-18, -0.03335952310132427]
[-0.01095657422018619, 0.00805751198854434, -0.025157591636836396]
[0.021765537861825612, -0.015645059590129413, -0.027476974579739036]
[0.029011052164423023, -3.020948197732575e-17, -0.03662376495879867]
[0.021765537861825612, 0.015645059590129413, -0.027476974579739036]
[0.008042815153184918, -0.026132247596002616, -0.041618612026555084]
[0.0114881613967863, -1.8966090591765173e-18, -0.11788908505414032]
[0.008042815153184918, 0.026132247596002616, -0.041618612026555084]
[-0.010067374832200935, -0.022363931899312146, -0.03305671906862817]
[-0.020473996682688587, 3.147171927428967e-17, -0.06898266716043434]
[-0.010067374832200935, 0.022363931899312146, -0.03305671906862817]
[0.016531720621623777, -0.011882993928043527, -0.025611874228973125]
[0.022034953253453313, -1.4161404520786128e-17, -0.03413779268871509]
[0.016531720621623777, 0.011882993928043527, -0.025611874228973125]
[0.0062574719148055175, -0.019247173365597427, -0.039872918354035676]
[0.009387951714214568, 2.9765477065646094e-17, -0.09991781963396845]
[0.0062574719148055045, 0.019247173365597434, -0.0398729183540357]
[-0.007351259340113362, -0.016330281329212784, -0.03305671906862817]
[-0.014109293520388595, 2.6657599651829666e-17, -0.06210760139874258]
[-0.007351259340113363, 0.016330281329212784, -0.03305671906862817]
[0.01129790338142194, -0.00812092826595764, -0.023746773878207214]
[0.015058854342483606, 1.8866729357534937e-18, -0.031651820418631516]
[0.01129790338142194, 0.00812092826595764, -0.023746773878207214]
[0.004472128676426117, -0.012362099135192234, -0.03812722468151627]
[0.007287742031642837, 6.14275631904687e-17, -0.08194655421379658]
[0.004472128676426091, 0.012362099135192248, -0.0381272246815163]
[-0.004635143848025789, -0.010296630759113426, -0.03305671906862818]
[-0.007744590358088601, 2.1843480029369664e-17, -0.055232535637050814]
[-0.004635143848025792, 0.010296630759113424, -0.03305671906862818]
[-0.00815517574676947, 0.02646657587681894, 0.024800000000000003]
[-0.0014285149042072658, 0.038616526930544175, -0.00668324521393898]
[-0.010067374832200935, 0.022363931899312146, -0.03305671906862817]
[-0.027675304645874414, 0.030030540241723313, 0.024799999999999996]
[-0.036000956542960226, 0.04657222043455339, -0.011442651601394283]
[-0.024856969453966034, 0.021751071222258323, -0.03761225892811019]
[-0.04159417393043165, 0.018872048025059422, 0.024799999999999996]
[-0.053706372070408584, 0.02789115440491472, -0.006628684837758387]
[-0.037561632908459014, 0.015869296911018384, -0.03305671906862817]
[-0.013033646836801933, 0.024963367101346223, 0.02480000000000001]
[-0.008489155666517251, 0.03693742392567234, -0.0039336981365343205]
[-0.013828491971574887, 0.022416804307699982, -0.029646988128968904]
[-0.028384649875075496, 0.025802938473221244, 0.024799999999999996]
[-0.036733732730104406, 0.040794458419204566, -0.007897967957804437]
[-0.025911948544751987, 0.02046987101604497, -0.03379245626995986]
[-0.039522624336877095, 0.01700960054468383, 0.024799999999999996]
[-0.051998773798605694, 0.026105968010038366, -0.005347072270443317]
[-0.036271761408688964, 0.014626168651962156, -0.03131291184143338]
[-0.01705555859367942, 0.021819588702853207, 0.024800000000000003]
[-0.01469278102656298, 0.03335631296270736, -0.0002767173440192413]
[-0.01708601170134326, 0.021653315495775337, -0.02515759163683639]
[-0.02909399510427658, 0.021575336704719176, 0.0248]
[-0.037466508917248585, 0.03501669640385575, -0.00435328431421459]
[-0.02696692763553794, 0.019188670809831623, -0.029972653611809535]
[-0.03745107474332254, 0.015147153064308236, 0.0248]
[-0.0502911755268028, 0.02432078161516201, -0.004065459703128246]
[-0.034981889908918914, 0.01338304039290593, -0.029569104614238582]
[-0.04159417393043165, -0.018872048025059422, 0.024799999999999996]
[-0.053706372070408584, -0.02789115440491472, -0.006628684837758387]
[-0.037561632908459014, -0.015869296911018384, -0.03305671906862817]
[-0.06513477103730694, 0.0, 0.02479999999999999]
[-0.09736426020806961, 4.165934476605689e-18, -0.020588699472142043]
[-0.04456204138383548, 3.4198002488676186e-18, -0.043915122813068815]
[-0.04159417393043165, 0.018872048025059422, 0.024799999999999996]
[-0.053706372070408584, 0.02789115440491472, -0.006628684837758387]
[-0.037561632908459014, 0.015869296911018384, -0.03305671906862817]
[-0.039522624336877095, -0.01700960054468383, 0.024799999999999996]
[-0.051998773798605694, -0.026105968010038366, -0.005347072270443317]
[-0.036271761408688964, -0.014626168651962156, -0.03131291184143338]
[-0.061139091850661284, 0.0, 0.024799999999999992]
[-0.09435272835813863, 1.235530530667465e-17, -0.018721149725351847]
[-0.0428484755212379, 1.0470108165694591e-17, -0.04159851333995103]
[-0.039522624336877095, 0.01700960054468383, 0.024799999999999996]
[-0.051998773798605694, 0.026105968010038366, -0.005347072270443317]
[-0.036271761408688964, 0.014626168651962156, -0.03131291184143338]
[-0.03745107474332254, -0.015147153064308236, 0.0248]
[-0.0502911755268028, -0.02432078161516201, -0.004065459703128246]
[-0.034981889908918914, -0.01338304039290593, -0.029569104614238582]
[-0.05714341266401563, 0.0, 0.024799999999999996]
[-0.09134119650820764, 2.054467613674361e-17, -0.016853599978561652]
[-0.04113490965864032, 1.7520416082521562e-17, -0.039281903866833244]
[-0.03745107474332254, 0.015147153064308236, 0.0248]
[-0.0502911755268028, 0.02432078161516201, -0.004065459703128246]
[-0.034981889908918914, 0.01338304039290593, -0.029569104614238582]
[-0.00815517574676947, -0.02646657587681894, 0.024800000000000003]
[-0.0014285149042072658, -0.038616526930544175, -0.00668324521393898]
[-0.010067374832200935, -0.022363931899312146, -0.03305671906862817]
[-0.027675304645874414, -0.030030540241723313, 0.024799999999999996]
[-0.036000956542960226, -0.04657222043455339, -0.011442651601394283]
[-0.024856969453966034, -0.021751071222258323, -0.03761225892811019]
[-0.04159417393043165, -0.018872048025059422, 0.024799999999999996]
[-0.053706372070408584, -0.02789115440491472, -0.006628684837758387]
[-0.037561632908459014, -0.015869296911018384, -0.03305671906862817]
[-0.013033646836801933, -0.024963367101346223, 0.02480000000000001]
[-0.008489155666517251, -0.03693742392567234, -0.0039336981365343205]
[-0.013828491971574887, -0.022416804307699982, -0.029646988128968904]
[-0.028384649875075496, -0.025802938473221244, 0.024799999999999996]
[-0.036733732730104406, -0.040794458419204566, -0.007897967957804437]
[-0.025911948544751987, -0.02046987101604497, -0.03379245626995986]
[-0.039522624336877095, -0.01700960054468383, 0.024799999999999996]
[-0.051998773798605694, -0.026105968010038366, -0.005347072270443317]
[-0.036271761408688964, -0.014626168651962156, -0.03131291184143338]
[-0.01705555859367942, -0.021819588702853207, 0.024800000000000003]
[-0.01469278102656298, -0.03335631296270736, -0.0002767173440192413]
[-0.01708601170134326, -0.021653315495775337, -0.02515759163683639]
[-0.02909399510427658, -0.021575336704719176, 0.0248]
[-0.037466508917248585, -0.03501669640385575, -0.00435328431421459]
[-0.02696692763553794, -0.019188670809831623, -0.029972653611809535]
[-0.03745107474332254, -0.015147153064308236, 0.0248]
[-0.0502911755268028, -0.02432078161516201, -0.004065459703128246]
[-0.034981889908918914, -0.01338304039290593, -0.029569104614238582]
[-0.010067374832200935, -0.022363931899312142, -0.03305671906862817]
[-0.020473996682688587, 3.147171927428967e-17, -0.06898266716043433]
[-0.010067374832200935, 0.022363931899312142, -0.03305671906862817]
[-0.024856969453966034, -0.02175107122225832, -0.037612258928110195]
[-0.03426830334342643, 1.7831716892514685e-17, -0.06191759096718735]
[-0.024856969453966034, 0.02175107122225832, -0.037612258928110195]
[-0.037561632908459014, -0.015869296911018384, -0.03305671906862817]
[-0.04456204138383548, 3.4198002488676186e-18, -0.043915122813068815]
[-0.037561632908459014, 0.015869296911018384, -0.03305671906862817]
[-0.013828491971574887, -0.022416804307699982, -0.029646988128968894]
[-0.02174541010856207, 3.521826503647662e-17, -0.07149072486654595]
[-0.013828491971574887, 0.022416804307699982, -0.029646988128968894]
[-0.025911948544751984, -0.02046987101604497, -0.033792456269959865]
[-0.03349612763014383, 2.2231570329927922e-17, -0.059405743795158075]
[-0.025911948544751984, 0.02046987101604497, -0.033792456269959865]
[-0.036271761408688964, -0.014626168651962156, -0.03131291184143338]
[-0.0428484755212379, 1.0470108165694591e-17, -0.04159851333995103]
[-0.036271761408688964, 0.014626168651962156, -0.03131291184143338]
[-0.017086011701343256, -0.021653315495775333, -0.025157591636836393]
[-0.02206614120957059, 3.2420876651136727e-17, -0.07116808537265525]
[-0.017086011701343256, 0.021653315495775333, -0.025157591636836393]
[-0.026966927635537936, -0.01918867080983162, -0.02997265361180954]
[-0.03272395191686123, 2.6631423767341157e-17, -0.05689389662312879]
[-0.026966927635537936, 0.01918867080983162, -0.02997265361180954]
[-0.034981889908918914, -0.01338304039290593, -0.029569104614238582]
[-0.04113490965864032, 1.7520416082521562e-17, -0.039281903866833244]
[-0.034981889908918914, 0.01338304039290593, -0.029569104614238582]

Weights
1.0
0.8708021508085992
1.0
0.8119962893504346
0.6852037745145755
0.8661696395773053
1.0
0.8708021508085992
1.0
1.0
0.8599930650923737
1.0
0.8119962893504346
0.674547848320125
0.8661696395772972
1.0
0.8599930650923737
1.0
1.0
0.8491839793761482
1.0
0.8119962893504346
0.6638919221256747
0.8661696395772891
1.0
0.8491839793761482
1.0
1.0
0.8708021508085992
1.0
0.8119962893504344
0.676277564389872
0.8527854721244493
1.0
0.7846438304049546
1.0
1.0
0.8599930650923737
1.0
0.8119962893504344
0.6448537058776023
0.8579366001292947
1.0
0.7784256397455969
1.0
1.0
0.8491839793761482
1.0
0.8119962893504346
0.6134298473653326
0.8630877281341403
1.0
0.7722074490862392
1.0
1.0
0.7846438304049546
1.0
0.9834329961561252
0.7811766367491562
0.990853829507492
1.0
0.8034226174297405
1.0
1.0
0.7784256397455969
1.0
0.9834329961561252
0.7793201035515296
0.9827765418755414
1.0
0.817537019295657
1.0
1.0
0.7722074490862392
1.0
0.9834329961561251
0.777463570353903
0.9746992542435908
1.0
0.8316514211615735
1.0
1.0
0.8034226174297405
1.0
0.9743832286233034
0.8321274878429359
0.9434570459042129
1.0
0.9290120165439316
1.0
1.0
0.817537019295657
1.0
0.9743832286233034
0.8406912186182925
0.9560742392832182
1.0
0.9211661546435153
1.0
1.0
0.8316514211615735
1.0
0.9743832286233034
0.8492549493936492
0.9686914326622236
1.0
0.9133202927430988
1.0
1.0
0.9290120165439317
1.0
0.8988453524447451
0.8797945257311507
0.9758543826675365
1.0
0.9290120165439317
1.0
1.0
0.9211661546435119
1.0
0.8988453524447451
0.8721457192325608
0.9758543826675835
1.0
0.9211661546435153
1.0
1.0
0.9133202927430921
1.0
0.8988453524447451
0.8644969127339708
0.9758543826676305
1.0
0.9133202927430988
1.0
1.0
0.8034226174297405
1.0
0.9743832286233034
0.8321274878429359
0.9434570459042129
1.0
0.9290120165439316
1.0
1.0
0.8175370192956586
1.0
0.9743832286233033
0.8406912186181829
0.956074239283236
1.0
0.9211661546435119
1.0
1.0
0.8316514211615768
1.0
0.9743832286233032
0.8492549493934298
0.9686914326622591
1.0
0.9133202927430922
1.0
1.0
0.7846438304049546
1.0
0.9834329961561252
0.7811766367491562
0.990853829507492
1.0
0.8034226174297405
1.0
1.0
0.7784256397456002
1.0
0.9834329961561254
0.7793201035515191
0.9827765418755595
1.0
0.8175370192956586
1.0
1.0
0.7722074490862458
1.0
0.9834329961561256
0.7774635703538822
0.974699254243627
1.0
0.8316514211615766
1.0
1.0
0.8708021508085992
1.0
0.8119962893504344
0.676277564389872
0.8527854721244493
1.0
0.7846438304049546
1.0
1.0
0.8599930650923737
1.0
0.8119962893504344
0.6448537058776029
0.8579366001292974
1.0
0.7784256397456002
1.0
1.0
0.8491839793761482
1.0
0.8119962893504344
0.6134298473653338
0.8630877281341454
1.0
0.7722074490862458
1.0
1.0
0.5924491239055186
1.0
0.9434570459042129
0.5896427910732563
0.9434570459042129
1.0
0.9758543826675365
1.0
1.0
0.7304293433398166
1.0
0.956074239283236
0.748505012320758
0.9560742392832182
1.0
0.9758543826675835
1.0
1.0
0.8684095627741146
1.0
0.9686914326622591
0.9073672335682594
0.9686914326622236
1.0
0.9758543826676305
1.0
1.0
0.6594497261530257
1.0
0.990853829507492
0.6168032545367643
0.990853829507492
1.0
0.5924491239055185
1.0
1.0
0.7165390438256192
1.0
0.9827765418755595
0.7016653600493138
0.9827765418755414
1.0
0.7304293433398166
1.0
1.0
0.7736283614982128
1.0
0.974699254243627
0.7865274655618633
0.9746992542435908
1.0
0.8684095627741146
1.0
1.0
0.8661696395773053
1.0
0.8527854721244492
0.4581384948792525
0.8527854721244492
1.0
0.6594497261530257
1.0
1.0
0.8661696395772972
1.0
0.8579366001292973
0.5190952029250782
0.8579366001292947
1.0
0.7165390438256192
1.0
1.0
0.8661696395772891
1.0
0.8630877281341454
0.5800519109709037
0.8630877281341403
1.0
0.7736283614982128
1.0
1.0
0.7846438304049546
1.0
0.8688355785753037
0.674677808144114
0.9374868072761333
1.0
0.7891781833992659
1.0
0.9834329961561252
0.7811766367491562
0.990853829507492
0.8972054835559745
0.6973682327996951
0.9464838682562251
1.0
0.7775183942430565
1.0
1.0
0.8034226174297405
1.0
0.9255753885366453
0.7200586574552761
0.955480929236317
1.0
0.765858605086847
1.0
1.0
0.7891781833992659
1.0
0.720032934684377
0.5315689042592987
0.867606524675376
1.0
0.7891781833992659
1.0
1.0
0.7775183942430565
1.0
0.720032934684377
0.5203079232467129
0.8676065246753815
1.0
0.7775183942430565
1.0
1.0
0.765858605086847
1.0
0.720032934684377
0.5090469422341272
0.867606524675387
1.0
0.765858605086847
1.0
1.0
0.7846438304049546
1.0
0.8688355785753037
0.674677808144114
0.9374868072761333
1.0
0.7891781833992659
1.0
0.9834329961561252
0.7811766367491562
0.990853829507492
0.8972054835559745
0.6973682327996951
0.9464838682562251
1.0
0.7775183942430565
1.0
1.0
0.8034226174297405
1.0
0.9255753885366453
0.7200586574552761
0.955480929236317
1.0
0.765858605086847
1.0
1.0
0.6594497261530257
1.0
0.9374868072761333
0.7202890883756938
0.9374868072761333
1.0
0.867606524675376
1.0
0.990853829507492
0.6168032545367643
0.990853829507492
0.9464838682562251
0.7107710345447333
0.9464838682562251
1.0
0.8676065246753815
1.0
1.0
0.5924491239055186
1.0
0.9554809292363169
0.7012529807137728
0.9554809292363169
1.0
0.867606524675387
1.0

Patch vertices
[0.022487848825130264, -0.01616425641105085, 0.0248]
[0.021765537861825612, -0.015645059590129413, -0.027476974579739036]
[0.022487848825130264, 0.01616425641105085, 0.0248]
[0.021765537861825612, 0.015645059590129413, -0.027476974579739036]
[-0.00815517574676947, 0.02646657587681894, 0.024800000000000003]
[-0.010067374832200935, 0.022363931899312142, -0.03305671906862817]
[-0.01705555859367942, 0.021819588702853207, 0.024800000000000003]
[-0.017086011701343256, 0.021653315495775333, -0.025157591636836393]
[-0.0248930920843469, 0.012137565513081152, 0.0248]
[-0.029625992289090006, 0.006837872964367631, -0.012668193727627293]
[-0.0248930920843469, -0.012137565513081152, 0.0248]
[-0.029625992289090006, -0.006837872964367631, -0.012668193727627293]
[-0.01705555859367942, -0.021819588702853207, 0.024800000000000003]
[-0.017086011701343256, -0.021653315495775333, -0.025157591636836393]
[-0.00815517574676947, -0.02646657587681894, 0.024800000000000003]
[-0.010067374832200935, -0.022363931899312142, -0.03305671906862817]
[0.01110989189179989, -0.007985785685175158, 0.024799999999999996]
[0.01129790338142194, -0.00812092826595764, -0.023746773878207214]
[0.01110989189179989, 0.007985785685175158, 0.024799999999999996]
[0.01129790338142194, 0.00812092826595764, -0.023746773878207214]
[-0.004028981233811383, 0.013075541330079803, 0.024799999999999996]
[-0.004635143848025792, 0.010296630759113424, -0.03305671906862818]
[-0.008426124419614834, 0.010779744807842157, 0.024799999999999996]
[-0.01095657422018619, 0.00805751198854434, -0.025157591636836396]
[-0.012298177743024365, 0.005996440198818756, 0.024799999999999996]
[-0.015378053167614944, 0.0035493553422062314, -0.010948393573035996]
[-0.012298177743024366, -0.005996440198818753, 0.024799999999999996]
[-0.015378053167614944, -0.0035493553422062275, -0.010948393573035996]
[-0.008426124419614833, -0.01077974480784216, 0.024799999999999996]
[-0.01095657422018619, -0.00805751198854434, -0.025157591636836396]
[-0.004028981233811387, -0.013075541330079802, 0.024799999999999996]
[-0.00463514384802579, -0.010296630759113426, -0.03305671906862818]
[-0.04159417393043165, 0.018872048025059422, 0.024799999999999996]
[-0.037561632908459014, 0.015869296911018384, -0.03305671906862817]
[-0.04159417393043165, -0.018872048025059422, 0.024799999999999996]
[-0.037561632908459014, -0.015869296911018384, -0.03305671906862817]
[-0.03745107474332254, 0.015147153064308236, 0.024800000000000003]
[-0.034981889908918914, 0.013383040392905929, -0.029569104614238586]
[-0.03745107474332254, -0.015147153064308236, 0.024800000000000003]
[-0.034981889908918914, -0.013383040392905929, -0.029569104614238586]

Patch connectivity
[0, 1, 2, 3, 16, 17, 18, 19]
[2, 3, 4, 5, 18, 19, 20, 21]
[4, 5, 6, 7, 20, 21, 22, 23]
[6, 7, 8, 9, 22, 23, 24, 25]
[10, 11, 8, 9, 26, 27, 24, 25]
[12, 13, 10, 11, 28, 29, 26, 27]
[14, 15, 12, 13, 30, 31, 28, 29]
[0, 1, 14, 15, 16, 17, 30, 31]
[13, 7, 11, 9, 29, 23, 27, 25]
[15, 5, 13, 7, 31, 21, 29, 23]
[1, 3, 15, 5, 17, 19, 31, 21]
[4, 5, 32, 33, 6, 7, 36, 37]
[34, 35, 32, 33, 38, 39, 36, 37]
[14, 15, 34, 35, 12, 13, 38, 39]
[15, 5, 35, 33, 13, 7, 39, 37]

Number of elements per boundary
(4, 5):1
(4, 32):1
(5, 33):1
(32, 33):1
(34, 32):1
(34, 35):1
(35, 33):1
(14, 34):1
(14, 15):1
(15, 5):1
(15, 35):1
(6, 7):1
(6, 36):1
(7, 37):1
(36, 37):1
(38, 36):1
(38, 39):1
(39, 37):1
(12, 38):1
(12, 13):1
(13, 7):1
(13, 39):1
(4, 6):1
(5, 7):1
(32, 36):1
(33, 37):1
(34, 38):1
(35, 39):1
(14, 12):1
(15, 13):1
(0, 1):1
(0, 2):1
(0, 14):1
(1, 3):1
(1, 15):1
(2, 3):1
(2, 4):1
(3, 5):1
(6, 8):1
(7, 9):1
(8, 9):1
(10, 8):1
(10, 11):1
(11, 9):1
(12, 10):1
(13, 11):1
(16, 17):1
(16, 18):1
(16, 30):1
(17, 19):1
(17, 31):1
(18, 19):1
(18, 20):1
(19, 21):1
(20, 21):1
(20, 22):1
(21, 23):1
(22, 23):1
(22, 24):1
(23, 25):1
(24, 25):1
(26, 24):1
(26, 27):1
(27, 25):1
(28, 26):1
(28, 29):1
(29, 23):1
(29, 27):1
(30, 28):1
(30, 31):1
(31, 21):1
(31, 29):1
(0, 16):1
(1, 17):1
(2, 18):1
(3, 19):1
(4, 20):1
(5, 21):1
(6, 22):1
(7, 23):1
(8, 24):1
(9, 25):1
(10, 26):1
(11, 27):1
(12, 28):1
(13, 29):1
(14, 30):1
(15, 31):1


Knot values per boundary
(4, 5):[0.0, 1]
(4, 32):[0.0, 1]
(5, 33):[0.0, 1]
(32, 33):[0.0, 1]
(34, 32):[0.0, 1]
(34, 35):[0.0, 1]
(35, 33):[0.0, 1]
(14, 34):[0.0, 1]
(14, 15):[0.0, 1]
(15, 5):[0.0, 1]
(15, 35):[0.0, 1]
(6, 7):[0.0, 1]
(6, 36):[0.0, 1]
(7, 37):[0.0, 1]
(36, 37):[0.0, 1]
(38, 36):[0.0, 1]
(38, 39):[0.0, 1]
(39, 37):[0.0, 1]
(12, 38):[0.0, 1]
(12, 13):[0.0, 1]
(13, 7):[0.0, 1]
(13, 39):[0.0, 1]
(4, 6):[0.0, 1]
(5, 7):[0.0, 1]
(32, 36):[0.0, 1]
(33, 37):[0.0, 1]
(34, 38):[0.0, 1]
(35, 39):[0.0, 1]
(14, 12):[0.0, 1]
(15, 13):[0.0, 1]
(0, 1):[0.0, 1]
(0, 2):[0.0, 1]
(0, 14):[0.0, 1]
(1, 3):[0.0, 1]
(1, 15):[0.0, 1]
(2, 3):[0.0, 1]
(2, 4):[0.0, 1]
(3, 5):[0.0, 1]
(6, 8):[0.0, 1]
(7, 9):[0.0, 1]
(8, 9):[0.0, 1]
(10, 8):[0.0, 1]
(10, 11):[0.0, 1]
(11, 9):[0.0, 1]
(12, 10):[0.0, 1]
(13, 11):[0.0, 1]
(16, 17):[0.0, 1]
(16, 18):[0.0, 1]
(16, 30):[0.0, 1]
(17, 19):[0.0, 1]
(17, 31):[0.0, 1]
(18, 19):[0.0, 1]
(18, 20):[0.0, 1]
(19, 21):[0.0, 1]
(20, 21):[0.0, 1]
(20, 22):[0.0, 1]
(21, 23):[0.0, 1]
(22, 23):[0.0, 1]
(22, 24):[0.0, 1]
(23, 25):[0.0, 1]
(24, 25):[0.0, 1]
(26, 24):[0.0, 1]
(26, 27):[0.0, 1]
(27, 25):[0.0, 1]
(28, 26):[0.0, 1]
(28, 29):[0.0, 1]
(29, 23):[0.0, 1]
(29, 27):[0.0, 1]
(30, 28):[0.0, 1]
(30, 31):[0.0, 1]
(31, 21):[0.0, 1]
(31, 29):[0.0, 1]
(0, 16):[0.0, 1]
(1, 17):[0.0, 1]
(2, 18):[0.0, 1]
(3, 19):[0.0, 1]
(4, 20):[0.0, 1]
(5, 21):[0.0, 1]
(6, 22):[0.0, 1]
(7, 23):[0.0, 1]
(8, 24):[0.0, 1]
(9, 25):[0.0, 1]
(10, 26):[0.0, 1]
(11, 27):[0.0, 1]
(12, 28):[0.0, 1]
(13, 29):[0.0, 1]
(14, 30):[0.0, 1]
(15, 31):[0.0, 1]


Knot multiplicity per boundary
(4, 5):[3, 3]
(4, 32):[3, 3]
(5, 33):[3, 3]
(32, 33):[3, 3]
(34, 32):[3, 3]
(34, 35):[3, 3]
(35, 33):[3, 3]
(14, 34):[3, 3]
(14, 15):[3, 3]
(15, 5):[3, 3]
(15, 35):[3, 3]
(6, 7):[3, 3]
(6, 36):[3, 3]
(7, 37):[3, 3]
(36, 37):[3, 3]
(38, 36):[3, 3]
(38, 39):[3, 3]
(39, 37):[3, 3]
(12, 38):[3, 3]
(12, 13):[3, 3]
(13, 7):[3, 3]
(13, 39):[3, 3]
(4, 6):[3, 3]
(5, 7):[3, 3]
(32, 36):[3, 3]
(33, 37):[3, 3]
(34, 38):[3, 3]
(35, 39):[3, 3]
(14, 12):[3, 3]
(15, 13):[3, 3]
(0, 1):[3, 3]
(0, 2):[3, 3]
(0, 14):[3, 3]
(1, 3):[3, 3]
(1, 15):[3, 3]
(2, 3):[3, 3]
(2, 4):[3, 3]
(3, 5):[3, 3]
(6, 8):[3, 3]
(7, 9):[3, 3]
(8, 9):[3, 3]
(10, 8):[3, 3]
(10, 11):[3, 3]
(11, 9):[3, 3]
(12, 10):[3, 3]
(13, 11):[3, 3]
(16, 17):[3, 3]
(16, 18):[3, 3]
(16, 30):[3, 3]
(17, 19):[3, 3]
(17, 31):[3, 3]
(18, 19):[3, 3]
(18, 20):[3, 3]
(19, 21):[3, 3]
(20, 21):[3, 3]
(20, 22):[3, 3]
(21, 23):[3, 3]
(22, 23):[3, 3]
(22, 24):[3, 3]
(23, 25):[3, 3]
(24, 25):[3, 3]
(26, 24):[3, 3]
(26, 27):[3, 3]
(27, 25):[3, 3]
(28, 26):[3, 3]
(28, 29):[3, 3]
(29, 23):[3, 3]
(29, 27):[3, 3]
(30, 28):[3, 3]
(30, 31):[3, 3]
(31, 21):[3, 3]
(31, 29):[3, 3]
(0, 16):[3, 3]
(1, 17):[3, 3]
(2, 18):[3, 3]
(3, 19):[3, 3]
(4, 20):[3, 3]
(5, 21):[3, 3]
(6, 22):[3, 3]
(7, 23):[3, 3]
(8, 24):[3, 3]
(9, 25):[3, 3]
(10, 26):[3, 3]
(11, 27):[3, 3]
(12, 28):[3, 3]
(13, 29):[3, 3]
(14, 30):[3, 3]
(15, 31):[3, 3]


Boundary names
endo_r:patch3-left,patch4-left,patch5-left,patch8-left,patch11-right,patch12-right,patch13-right,patch14-right
epi:patch0-left,patch1-left,patch7-left,patch10-left,patch11-left,patch12-left,patch13-left,patch14-left
endo_l:patch0-right,patch1-right,patch2-right,patch3-right,patch4-right,patch5-right,patch6-right,patch7-right,patch8-right,patch9-right,patch10-right
septum_r:patch3-left,patch4-left,patch5-left,patch8-left
endo_r_nosep:patch11-right,patch12-right,patch13-right,patch14-right
base_r:patch11-front,patch12-front,patch13-front
base_l:patch0-front,patch1-front,patch2-front,patch3-front,patch4-front,patch5-front,patch6-front,patch7-front


