Bi-ventricle (reference variant) multipatch geometry data

Control points
[0.022376784454076277, -0.016973589317176612, 0.024]
[0.028684934285840718, -0.02175854601260037, -0.0025770911505701675]
[0.02134436021607324, -0.01619045870013345, -0.027927963505144184]
[0.03525185749682928, 0.0, 0.024]
[0.047843787366795315, 1.038956451191546e-17, -0.0104226708185682]
[0.029035069963344932, 1.5364110610764735e-17, -0.03799084939050876]
[0.022376784454076277, 0.016973589317176612, 0.024]
[0.028684934285840718, 0.02175854601260037, -0.0025770911505701675]
[0.02134436021607324, 0.01619045870013345, -0.027927963505144184]
[0.016739722385738752, -0.012697676631877207, 0.024]
[0.02197700315586069, -0.01667034093997902, -0.0013269413523424255]
[0.016213825262812342, -0.012298764902358733, -0.026019770788908644]
[0.02637136311026353, 0.0, 0.024000000000000007]
[0.03679350229939066, 7.97669217130609e-18, -0.008667962888556398]
[0.022055922319222095, 1.167104575820778e-17, -0.035395104732033486]
[0.016739722385738752, 0.012697676631877207, 0.024]
[0.02197700315586069, 0.01667034093997902, -0.0013269413523424255]
[0.016213825262812342, 0.012298764902358733, -0.026019770788908644]
[0.011102660317401229, -0.008421763946577801, 0.024000000000000004]
[0.015269072025880662, -0.01158213586735767, -7.679155411468338e-05]
[0.011083290309551446, -0.008407071104584015, -0.02411157807267311]
[0.017490868723697782, 0.0, 0.02400000000000001]
[0.025743217231986, 5.563819830696719e-18, -0.006913254958544598]
[0.015076774675099259, 7.977980905650823e-18, -0.03279936007355822]
[0.011102660317401229, 0.008421763946577801, 0.024000000000000004]
[0.015269072025880662, 0.01158213586735767, -7.679155411468338e-05]
[0.011083290309551446, 0.008407071104584015, -0.02411157807267311]
[0.022376784454076277, 0.016973589317176612, 0.024]
[0.028684934285840718, 0.02175854601260037, -0.0025770911505701675]
[0.02134436021607324, 0.01619045870013345, -0.027927963505144184]
[0.009501711411323268, 0.03394717863435323, 0.024000000000000004]
[0.00720352511648849, 0.04568514404846001, -0.013956602905852182]
[0.006822833523614164, 0.026609059036702378, -0.04243730695989224]
[-0.010314001764390124, 0.02612364033622648, 0.024000000000000004]
[-0.006400822321384723, 0.03752543133555992, -0.006944294927702948]
[-0.011576037841869708, 0.02190601043473672, -0.03282997432853061]
[0.016739722385738752, 0.012697676631877207, 0.024]
[0.02197700315586069, 0.01667034093997902, -0.0013269413523424255]
[0.016213825262812342, 0.012298764902358733, -0.026019770788908644]
[0.007108081661213971, 0.025395353263754417, 0.024000000000000007]
[0.007863559089945566, 0.03610687076918631, -0.013519496530924534]
[0.005361908142518277, 0.01960145582519426, -0.04057595490090003]
[-0.007715743366802589, 0.019542686655037108, 0.024000000000000004]
[-0.007483270007894284, 0.028209033103341177, -0.0070864853191506955]
[-0.008460875582221555, 0.016011007507316384, -0.03282997432853062]
[0.011102660317401229, 0.008421763946577801, 0.024000000000000004]
[0.015269072025880662, 0.01158213586735767, -7.679155411468338e-05]
[0.011083290309551446, 0.008407071104584015, -0.02411157807267311]
[0.004714451911104675, 0.0168435278931556, 0.024000000000000007]
[0.008523593063402642, 0.02652859748991261, -0.013082390155996887]
[0.0039009827614223894, 0.012593852613686141, -0.03871460284190783]
[-0.005117484969215055, 0.012961732973847735, 0.024000000000000004]
[-0.008565717694403846, 0.01889263487112244, -0.007228675710598443]
[-0.0053457133225734005, 0.010116004579896053, -0.03282997432853062]
[-0.010314001764390124, 0.02612364033622648, 0.024000000000000004]
[-0.0064008223213847205, 0.03752543133555992, -0.006944294927702948]
[-0.011576037841869708, 0.02190601043473672, -0.03282997432853061]
[-0.014808584170484817, 0.024349112350462856, 0.024000000000000007]
[-0.01255255436248141, 0.03529489456940966, -0.004164101889244755]
[-0.015299428293466307, 0.0217658530340463, -0.029332379674786257]
[-0.018451664444395464, 0.021174496358680975, 0.024000000000000004]
[-0.01776808541318747, 0.03143699060117942, -0.0005833860736470861]
[-0.01847179488710622, 0.020841777170490086, -0.02477835070850255]
[-0.007715743366802589, 0.019542686655037108, 0.024000000000000004]
[-0.007483270007894283, 0.028209033103341177, -0.0070864853191506955]
[-0.008460875582221555, 0.016011007507316384, -0.03282997432853062]
[-0.011078070151165256, 0.018215190029756974, 0.024000000000000007]
[-0.012573843132517484, 0.02587613159232101, -0.004430196834570714]
[-0.012048861708192419, 0.015557617300487346, -0.029788844265591977]
[-0.013803401511414213, 0.015840309470272713, 0.024000000000000004]
[-0.016160244914389117, 0.022156384161557373, -0.0005670507544489506]
[-0.014942109543298814, 0.014266783008008689, -0.024778350708502546]
[-0.005117484969215055, 0.012961732973847735, 0.024000000000000004]
[-0.008565717694403846, 0.01889263487112244, -0.007228675710598443]
[-0.0053457133225734005, 0.010116004579896053, -0.03282997432853062]
[-0.007347556131845697, 0.012081267709051092, 0.024000000000000007]
[-0.012595131902553559, 0.016457368615232358, -0.004696291779896672]
[-0.008798295122918532, 0.009349381566928393, -0.030245308856397698]
[-0.009155138578432961, 0.010506122581864452, 0.024000000000000004]
[-0.014552404415590763, 0.012875777721935332, -0.0005507154352508151]
[-0.011412424199491407, 0.00769178884552729, -0.024778350708502546]
[-0.018451664444395464, 0.021174496358680975, 0.024000000000000004]
[-0.01776808541318747, 0.03143699060117942, -0.0005833860736470861]
[-0.01847179488710622, 0.020841777170490086, -0.02477835070850255]
[-0.023042402451784894, 0.01717408209476603, 0.024]
[-0.0287035429874985, 0.023791039658717785, 0.004528819135636397]
[-0.02680149310199019, 0.015144567145349156, -0.020712303814846126]
[-0.025564199630901625, 0.01163163419489157, 0.024]
[-0.03183477184416735, 0.0103985641876616, 0.006555603950796923]
[-0.029874368949936277, 0.006476914428664625, -0.012583763031376913]
[-0.013803401511414213, 0.015840309470272713, 0.024000000000000004]
[-0.016160244914389117, 0.022156384161557373, -0.00056705075444895]
[-0.014942109543298814, 0.014266783008008689, -0.024778350708502546]
[-0.017237660796838916, 0.012847662142265457, 0.024]
[-0.022528118256997038, 0.016670202400264972, 0.004525855778031145]
[-0.0205326758488888, 0.010500544109502989, -0.019797186912049645]
[-0.019124177815322472, 0.00870144357490476, 0.024]
[-0.024274935282040985, 0.00790674730607798, 0.0071712752237975885]
[-0.022693479358837646, 0.004920061211742245, -0.011723970839408297]
[-0.009155138578432961, 0.010506122581864452, 0.024000000000000004]
[-0.014552404415590763, 0.012875777721935332, -0.0005507154352508138]
[-0.011412424199491407, 0.00769178884552729, -0.024778350708502546]
[-0.011432919141892936, 0.008521242189764886, 0.024000000000000004]
[-0.016352693526495574, 0.009549365141812162, 0.004522892420425894]
[-0.014263858595787412, 0.005856521073656823, -0.01888207000925317]
[-0.01268415599974332, 0.005771252954917952, 0.024000000000000004]
[-0.01671509871991462, 0.005414930424494358, 0.007786946496798254]
[-0.015512589767739013, 0.0033632079948198654, -0.010864178647439679]
[-0.025564199630901625, -0.01163163419489157, 0.024]
[-0.031834771844167345, -0.0103985641876616, 0.006555603950796923]
[-0.029874368949936277, -0.006476914428664625, -0.012583763031376913]
[-0.030856558319895287, 0.0, 0.024]
[-0.03493483270237985, -3.95148068001542e-17, 0.006110348777131779]
[-0.031196795445893155, -6.743006527991458e-17, -0.013140799120722359]
[-0.025564199630901625, 0.01163163419489157, 0.024]
[-0.031834771844167345, 0.0103985641876616, 0.006555603950796923]
[-0.029874368949936277, 0.006476914428664625, -0.012583763031376913]
[-0.019124177815322472, -0.008701443574904759, 0.024]
[-0.02427493528204098, -0.007906747306077978, 0.007171275223797588]
[-0.022693479358837646, -0.004920061211742243, -0.011723970839408297]
[-0.023083308556440536, 8.208801042658136e-19, 0.024]
[-0.026631521440951912, -2.979686991226117e-17, 0.006734913039531999]
[-0.023698034750111993, -5.449109162050704e-17, -0.012242947146551095]
[-0.019124177815322472, 0.00870144357490476, 0.024]
[-0.024274935282040982, 0.00790674730607798, 0.007171275223797589]
[-0.022693479358837646, 0.004920061211742245, -0.011723970839408297]
[-0.01268415599974332, -0.0057712529549179496, 0.024000000000000004]
[-0.016715098719914615, -0.005414930424494355, 0.007786946496798253]
[-0.015512589767739013, -0.003363207994819861, -0.010864178647439679]
[-0.015310058792985788, 1.6417602085316271e-18, 0.024000000000000004]
[-0.018328210179523977, -2.007893302436814e-17, 0.0073594773019322185]
[-0.01619927405433083, -4.1552117961099497e-17, -0.01134509517237983]
[-0.01268415599974332, 0.005771252954917952, 0.024000000000000004]
[-0.01671509871991462, 0.005414930424494359, 0.007786946496798255]
[-0.015512589767739013, 0.0033632079948198654, -0.010864178647439679]
[-0.018451664444395464, -0.021174496358680975, 0.024000000000000004]
[-0.01776808541318747, -0.03143699060117942, -0.0005833860736470861]
[-0.01847179488710622, -0.020841777170490086, -0.02477835070850255]
[-0.023042402451784894, -0.01717408209476603, 0.024]
[-0.0287035429874985, -0.023791039658717785, 0.004528819135636397]
[-0.02680149310199019, -0.015144567145349156, -0.020712303814846126]
[-0.025564199630901625, -0.01163163419489157, 0.024]
[-0.03183477184416735, -0.0103985641876616, 0.006555603950796923]
[-0.029874368949936277, -0.006476914428664625, -0.012583763031376913]
[-0.013803401511414215, -0.015840309470272713, 0.024000000000000004]
[-0.01616024491438911, -0.022156384161557376, -0.0005670507544488633]
[-0.014942109543298814, -0.014266783008008689, -0.024778350708502546]
[-0.017237660796838913, -0.012847662142265457, 0.024]
[-0.022528118256997035, -0.016670202400265018, 0.004525855778031284]
[-0.020532675848888807, -0.010500544109502977, -0.019797186912049614]
[-0.019124177815322472, -0.008701443574904759, 0.024]
[-0.024274935282040985, -0.007906747306077978, 0.007171275223797588]
[-0.022693479358837646, -0.004920061211742243, -0.011723970839408297]
[-0.009155138578432965, -0.010506122581864449, 0.024000000000000004]
[-0.014552404415590754, -0.012875777721935338, -0.0005507154352506404]
[-0.011412424199491407, -0.00769178884552729, -0.024778350708502546]
[-0.011432919141892933, -0.008521242189764886, 0.024000000000000004]
[-0.01635269352649557, -0.009549365141812252, 0.00452289242042617]
[-0.014263858595787422, -0.005856521073656799, -0.018882070009253103]
[-0.01268415599974332, -0.0057712529549179496, 0.024000000000000004]
[-0.016715098719914615, -0.005414930424494354, 0.007786946496798253]
[-0.015512589767739013, -0.003363207994819861, -0.010864178647439679]
[-0.010314001764390124, -0.02612364033622648, 0.024000000000000004]
[-0.0064008223213847205, -0.03752543133555992, -0.006944294927702948]
[-0.011576037841869708, -0.02190601043473672, -0.03282997432853061]
[-0.014808584170484817, -0.024349112350462856, 0.024000000000000007]
[-0.01255255436248141, -0.03529489456940966, -0.004164101889244755]
[-0.015299428293466307, -0.0217658530340463, -0.029332379674786257]
[-0.018451664444395464, -0.021174496358680975, 0.024000000000000004]
[-0.01776808541318747, -0.03143699060117942, -0.0005833860736470861]
[-0.01847179488710622, -0.020841777170490086, -0.02477835070850255]
[-0.00771574336680259, -0.019542686655037108, 0.024000000000000004]
[-0.007483270007894281, -0.028209033103341163, -0.007086485319150708]
[-0.008460875582221555, -0.016011007507316384, -0.03282997432853062]
[-0.01107807015116526, -0.018215190029756974, 0.024000000000000007]
[-0.012573843132517467, -0.02587613159232098, -0.004430196834570732]
[-0.012048861708192422, -0.015557617300487336, -0.029788844265591946]
[-0.013803401511414215, -0.015840309470272713, 0.024000000000000004]
[-0.016160244914389114, -0.02215638416155738, -0.0005670507544488636]
[-0.014942109543298814, -0.014266783008008689, -0.024778350708502546]
[-0.005117484969215056, -0.012961732973847735, 0.024000000000000004]
[-0.008565717694403842, -0.018892634871122412, -0.007228675710598467]
[-0.005345713322573403, -0.010116004579896051, -0.03282997432853062]
[-0.007347556131845702, -0.012081267709051095, 0.024000000000000007]
[-0.012595131902553522, -0.016457368615232303, -0.004696291779896709]
[-0.00879829512291854, -0.009349381566928374, -0.03024530885639764]
[-0.009155138578432965, -0.010506122581864449, 0.024000000000000004]
[-0.014552404415590756, -0.012875777721935341, -0.0005507154352506411]
[-0.011412424199491407, -0.00769178884552729, -0.024778350708502546]
[0.022376784454076277, -0.016973589317176612, 0.024]
[0.028684934285840718, -0.02175854601260037, -0.0025770911505701675]
[0.02134436021607324, -0.01619045870013345, -0.027927963505144184]
[0.009501711411323268, -0.03394717863435323, 0.024000000000000004]
[0.00720352511648849, -0.04568514404846001, -0.013956602905852182]
[0.006822833523614164, -0.026609059036702378, -0.04243730695989224]
[-0.010314001764390124, -0.02612364033622648, 0.024000000000000004]
[-0.006400822321384723, -0.03752543133555992, -0.006944294927702948]
[-0.011576037841869708, -0.02190601043473672, -0.03282997432853061]
[0.016739722385738752, -0.012697676631877207, 0.024]
[0.02197700315586069, -0.01667034093997902, -0.0013269413523424255]
[0.016213825262812342, -0.012298764902358733, -0.026019770788908644]
[0.007108081661213972, -0.025395353263754417, 0.024000000000000007]
[0.007863559089945595, -0.03610687076918635, -0.01351949653092455]
[0.0053619081425182805, -0.019601455825194264, -0.040575954900900046]
[-0.00771574336680259, -0.019542686655037108, 0.024000000000000004]
[-0.007483270007894283, -0.028209033103341163, -0.007086485319150708]
[-0.008460875582221555, -0.016011007507316384, -0.03282997432853062]
[0.011102660317401229, -0.008421763946577801, 0.024000000000000004]
[0.015269072025880662, -0.01158213586735767, -7.679155411468338e-05]
[0.011083290309551446, -0.008407071104584015, -0.02411157807267311]
[0.004714451911104676, -0.016843527893155606, 0.02400000000000001]
[0.008523593063402701, -0.02652859748991269, -0.013082390155996918]
[0.0039009827614223964, -0.012593852613686151, -0.03871460284190786]
[-0.005117484969215056, -0.012961732973847735, 0.024000000000000004]
[-0.008565717694403842, -0.018892634871122412, -0.007228675710598467]
[-0.005345713322573403, -0.010116004579896051, -0.03282997432853062]
[-0.01847179488710622, -0.020841777170490086, -0.02477835070850255]
[-0.020086194262523, 3.3428425069980587e-19, -0.0723441731974672]
[-0.01847179488710622, 0.020841777170490086, -0.02477835070850255]
[-0.02680149310199019, -0.015144567145349156, -0.020712303814846126]
[-0.029351785351900136, -4.4646884736179777e-17, -0.04613139361028089]
[-0.02680149310199019, 0.015144567145349156, -0.020712303814846126]
[-0.029874368949936277, -0.006476914428664625, -0.012583763031376913]
[-0.031196795445893155, -6.743006527991458e-17, -0.013140799120722359]
[-0.029874368949936277, 0.006476914428664625, -0.012583763031376913]
[-0.014942109543298814, -0.014266783008008689, -0.024778350708502546]
[-0.017374940248707203, 3.3661461975875745e-18, -0.052090788614023775]
[-0.014942109543298814, 0.014266783008008689, -0.024778350708502546]
[-0.020532675848888807, -0.010500544109502977, -0.019797186912049614]
[-0.02259265423933128, -6.815299231775494e-18, -0.03412583567302313]
[-0.0205326758488888, 0.010500544109502989, -0.019797186912049645]
[-0.022693479358837646, -0.004920061211742243, -0.011723970839408297]
[-0.023698034750111993, -5.449109162050704e-17, -0.012242947146551095]
[-0.022693479358837646, 0.004920061211742245, -0.011723970839408297]
[-0.011412424199491407, -0.00769178884552729, -0.024778350708502546]
[-0.014663686234891404, 6.3980081444753436e-18, -0.03183740403058036]
[-0.011412424199491407, 0.00769178884552729, -0.024778350708502546]
[-0.014263858595787422, -0.005856521073656799, -0.018882070009253103]
[-0.015833523126762426, 3.101628627262879e-17, -0.022120277735765366]
[-0.014263858595787412, 0.005856521073656823, -0.01888207000925317]
[-0.015512589767739013, -0.003363207994819861, -0.010864178647439679]
[-0.01619927405433083, -4.1552117961099497e-17, -0.01134509517237983]
[-0.015512589767739013, 0.0033632079948198654, -0.010864178647439679]
[-0.011576037841869708, -0.02190601043473672, -0.03282997432853061]
[-0.01831437508839806, 3.106959696044309e-17, -0.06903222110643802]
[-0.011576037841869708, 0.02190601043473672, -0.03282997432853061]
[-0.015299428293466307, -0.0217658530340463, -0.029332379674786257]
[-0.01963741833232757, 1.6871043093022738e-17, -0.07202269658181086]
[-0.015299428293466307, 0.0217658530340463, -0.029332379674786257]
[-0.01847179488710622, -0.020841777170490086, -0.02477835070850255]
[-0.020086194262523, 0.0, -0.07234417319746721]
[-0.01847179488710622, 0.020841777170490086, -0.02477835070850255]
[-0.008460875582221555, -0.016011007507316384, -0.03282997432853062]
[-0.013492763502164364, 1.6784988362672038e-17, -0.061142463073536386]
[-0.008460875582221555, 0.016011007507316384, -0.03282997432853062]
[-0.012048861708192422, -0.015557617300487336, -0.029788844265591946]
[-0.0160729928123456, 1.4494937325065384e-16, -0.05870029290941432]
[-0.012048861708192419, 0.015557617300487346, -0.029788844265591977]
[-0.014942109543298814, -0.014266783008008689, -0.024778350708502546]
[-0.017374940248707203, 3.1990040722376718e-18, -0.05209078861402378]
[-0.014942109543298814, 0.014266783008008689, -0.024778350708502546]
[-0.005345713322573403, -0.010116004579896051, -0.03282997432853062]
[-0.008671151915930668, 2.500379764900991e-18, -0.05325270504063476]
[-0.0053457133225734005, 0.010116004579896053, -0.03282997432853062]
[-0.008798295122918538, -0.009349381566928374, -0.03024530885639764]
[-0.012508567292363635, 2.7302770340828497e-16, -0.04537788923701778]
[-0.008798295122918532, 0.009349381566928393, -0.030245308856397698]
[-0.011412424199491407, -0.00769178884552729, -0.024778350708502546]
[-0.014663686234891404, 6.3980081444753436e-18, -0.03183740403058036]
[-0.011412424199491407, 0.00769178884552729, -0.024778350708502546]
[0.02134436021607324, -0.01619045870013345, -0.027927963505144184]
[0.029035069963344932, 1.5364110610764735e-17, -0.03799084939050876]
[0.02134436021607324, 0.01619045870013345, -0.027927963505144184]
[0.006822833523614164, -0.02660905903670238, -0.04243730695989225]
[0.012407003138207145, 4.3275607316485414e-17, -0.11243055338228443]
[0.006822833523614164, 0.02660905903670238, -0.04243730695989225]
[-0.011576037841869708, -0.02190601043473672, -0.03282997432853061]
[-0.01831437508839806, 3.081984728284835e-17, -0.06903222110643802]
[-0.011576037841869708, 0.02190601043473672, -0.03282997432853061]
[0.016213825262812342, -0.012298764902358733, -0.026019770788908644]
[0.022055922319222095, 1.167104575820778e-17, -0.035395104732033486]
[0.016213825262812342, 0.012298764902358733, -0.026019770788908644]
[0.0053619081425182805, -0.019601455825194267, -0.04057595490090005]
[0.009521596271506168, 1.6847824571377594e-18, -0.09857579062414532]
[0.005361908142518277, 0.01960145582519426, -0.040575954900900046]
[-0.008460875582221555, -0.016011007507316384, -0.03282997432853062]
[-0.013492763502164364, 1.666011352387467e-17, -0.061142463073536386]
[-0.008460875582221555, 0.016011007507316384, -0.03282997432853062]
[0.011083290309551446, -0.008407071104584015, -0.02411157807267311]
[0.015076774675099259, 7.977980905650823e-18, -0.03279936007355822]
[0.011083290309551446, 0.008407071104584015, -0.02411157807267311]
[0.0039009827614223964, -0.012593852613686151, -0.03871460284190786]
[0.00663618940480519, -3.990604240220989e-17, -0.08472102786600619]
[0.0039009827614223894, 0.012593852613686137, -0.038714602841907836]
[-0.005345713322573403, -0.010116004579896051, -0.03282997432853062]
[-0.008671151915930668, 2.500379764900991e-18, -0.05325270504063476]
[-0.0053457133225734005, 0.010116004579896053, -0.03282997432853062]
[-0.010314001764390124, 0.02612364033622648, 0.024000000000000004]
[-0.006400822321384721, 0.037525431335559904, -0.006944294927702947]
[-0.011576037841869708, 0.02190601043473672, -0.03282997432853061]
[-0.02941961416485021, 0.0286225803849906, 0.024000000000000004]
[-0.036946301768050215, 0.04307977993505371, -0.011554013179796799]
[-0.02603739073886968, 0.020894356020643146, -0.03727952042408555]
[-0.04243169896988375, 0.017791788943807302, 0.024000000000000004]
[-0.05398055508812748, 0.025665426106174255, -0.00693324039415698]
[-0.03818269467622974, 0.014894955026487843, -0.03282997432853061]
[-0.014808584170484817, 0.024349112350462856, 0.024000000000000007]
[-0.01255255436248141, 0.03529489456940966, -0.004164101889244755]
[-0.015299428293466307, 0.0217658530340463, -0.029332379674786257]
[-0.02984791549536811, 0.02459315550059977, 0.024]
[-0.03751775002319651, 0.037684489312725965, -0.008076661157496477]
[-0.027014004004580674, 0.019559023552547947, -0.033450987135299044]
[-0.040331450082218855, 0.01601848068545851, 0.024]
[-0.05219564049927585, 0.023917186617025122, -0.005695461586757248]
[-0.036843822128855244, 0.01368323915590873, -0.031101054159502088]
[-0.018451664444395464, 0.021174496358680975, 0.024000000000000004]
[-0.01776808541318747, 0.03143699060117942, -0.0005833860736470854]
[-0.01847179488710622, 0.020841777170490086, -0.024778350708502546]
[-0.030276216825886014, 0.020563730616208937, 0.023999999999999997]
[-0.038089198278342805, 0.03228919869039822, -0.004599309135196152]
[-0.027990617270291666, 0.018223691084452747, -0.029622453846512537]
[-0.03823120119455396, 0.014245172427109723, 0.024]
[-0.050410725910424226, 0.02216894712787599, -0.004457682779357516]
[-0.035504949581480746, 0.012471523285329616, -0.029372133990473566]
[-0.04243169896988375, -0.017791788943807302, 0.024000000000000004]
[-0.05398055508812748, -0.025665426106174255, -0.00693324039415698]
[-0.03818269467622974, -0.014894955026487843, -0.03282997432853061]
[-0.06380670815801981, 0.0, 0.024000000000000007]
[-0.09202215841788201, -3.0502640941662124e-17, -0.01920976931302447]
[-0.04489107983136714, -3.132154556693957e-17, -0.04291055995352451]
[-0.04243169896988375, 0.017791788943807302, 0.024000000000000004]
[-0.05398055508812748, 0.025665426106174255, -0.00693324039415698]
[-0.03818269467622974, 0.014894955026487843, -0.03282997432853061]
[-0.040331450082218855, -0.01601848068545851, 0.024]
[-0.05219564049927585, -0.023917186617025122, -0.005695461586757248]
[-0.036843822128855244, -0.01368323915590873, -0.031101054159502088]
[-0.05998620009804607, 0.0, 0.024000000000000004]
[-0.08896744929698482, -7.28838142473987e-18, -0.017444276582163812]
[-0.04314110067697246, -9.127577614780693e-18, -0.04065076736807974]
[-0.040331450082218855, 0.01601848068545851, 0.024]
[-0.05219564049927585, 0.023917186617025122, -0.005695461586757248]
[-0.036843822128855244, 0.01368323915590873, -0.031101054159502088]
[-0.03823120119455396, -0.014245172427109723, 0.024]
[-0.050410725910424226, -0.02216894712787599, -0.004457682779357516]
[-0.035504949581480746, -0.012471523285329616, -0.029372133990473566]
[-0.056165692038072326, 0.0, 0.024]
[-0.08591274017608762, 1.5925878092182385e-17, -0.015678783851303158]
[-0.041391121522577776, 1.306639033737818e-17, -0.038390974782634965]
[-0.03823120119455396, 0.014245172427109723, 0.024]
[-0.050410725910424226, 0.02216894712787599, -0.004457682779357516]
[-0.035504949581480746, 0.012471523285329616, -0.029372133990473566]
[-0.010314001764390124, -0.02612364033622648, 0.024000000000000004]
[-0.006400822321384721, -0.037525431335559904, -0.006944294927702947]
[-0.011576037841869708, -0.02190601043473672, -0.03282997432853061]
[-0.02941961416485021, -0.0286225803849906, 0.024000000000000004]
[-0.036946301768050215, -0.04307977993505371, -0.011554013179796799]
[-0.02603739073886968, -0.020894356020643146, -0.03727952042408555]
[-0.04243169896988375, -0.017791788943807302, 0.024000000000000004]
[-0.05398055508812748, -0.025665426106174255, -0.00693324039415698]
[-0.03818269467622974, -0.014894955026487843, -0.03282997432853061]
[-0.014808584170484817, -0.024349112350462856, 0.024000000000000007]
[-0.01255255436248141, -0.03529489456940966, -0.004164101889244755]
[-0.015299428293466307, -0.0217658530340463, -0.029332379674786257]
[-0.02984791549536811, -0.02459315550059977, 0.024]
[-0.03751775002319651, -0.037684489312725965, -0.008076661157496477]
[-0.027014004004580674, -0.019559023552547947, -0.033450987135299044]
[-0.040331450082218855, -0.01601848068545851, 0.024]
[-0.05219564049927585, -0.023917186617025122, -0.005695461586757248]
[-0.036843822128855244, -0.01368323915590873, -0.031101054159502088]
[-0.018451664444395464, -0.021174496358680975, 0.024000000000000004]
[-0.01776808541318747, -0.03143699060117942, -0.0005833860736470854]
[-0.01847179488710622, -0.020841777170490086, -0.024778350708502546]
[-0.030276216825886014, -0.020563730616208937, 0.023999999999999997]
[-0.038089198278342805, -0.03228919869039822, -0.004599309135196152]
[-0.027990617270291666, -0.018223691084452747, -0.029622453846512537]
[-0.03823120119455396, -0.014245172427109723, 0.024]
[-0.050410725910424226, -0.02216894712787599, -0.004457682779357516]
[-0.035504949581480746, -0.012471523285329616, -0.029372133990473566]
[-0.011576037841869707, -0.02190601043473672, -0.03282997432853061]
[-0.01831437508839806, 3.081984728284835e-17, -0.06903222110643802]
[-0.011576037841869707, 0.02190601043473672, -0.03282997432853061]
[-0.026037390738869678, -0.02089435602064315, -0.037279520424085555]
[-0.03370109468927796, -4.718127955761939e-18, -0.06258544490542643]
[-0.026037390738869678, 0.02089435602064315, -0.037279520424085555]
[-0.03818269467622974, -0.014894955026487843, -0.03282997432853061]
[-0.04489107983136714, -3.132154556693957e-17, -0.04291055995352451]
[-0.03818269467622974, 0.014894955026487843, -0.03282997432853061]
[-0.015299428293466307, -0.0217658530340463, -0.029332379674786257]
[-0.01963741833232757, 1.6871043093022738e-17, -0.07202269658181086]
[-0.015299428293466307, 0.0217658530340463, -0.029332379674786257]
[-0.02701400400458067, -0.019559023552547943, -0.033450987135299044]
[-0.03295529071719661, 1.7483405740335502e-18, -0.06005853890535357]
[-0.02701400400458067, 0.019559023552547943, -0.033450987135299044]
[-0.036843822128855244, -0.01368323915590873, -0.031101054159502088]
[-0.04314110067697246, -9.127577614780693e-18, -0.04065076736807974]
[-0.036843822128855244, 0.01368323915590873, -0.031101054159502088]
[-0.01847179488710622, -0.020841777170490083, -0.024778350708502542]
[-0.020086194262522998, 3.3428425069980587e-19, -0.07234417319746718]
[-0.01847179488710622, 0.020841777170490083, -0.024778350708502542]
[-0.027990617270291666, -0.018223691084452737, -0.029622453846512537]
[-0.032209486745115264, 8.21480910382904e-18, -0.05753163290528071]
[-0.027990617270291666, 0.018223691084452737, -0.029622453846512537]
[-0.035504949581480746, -0.012471523285329616, -0.029372133990473566]
[-0.041391121522577776, 1.306639033737818e-17, -0.038390974782634965]
[-0.035504949581480746, 0.012471523285329616, -0.029372133990473566]

Weights
1.0
0.8729789959840852
1.0
0.7967238836292401
0.6723265509955236
0.8573933926760993
1.0
0.8729789959840852
1.0
1.0
0.8626642388325527
1.0
0.7967238836292401
0.6621201314844484
0.8573933926760993
1.0
0.8626642388325527
1.0
1.0
0.8523494816810202
1.0
0.7967238836292401
0.6519137119733731
0.8573933926760993
1.0
0.8523494816810202
1.0
1.0
0.8729789959840852
1.0
0.7967238836292398
0.6645370207021485
0.8460822941288113
1.0
0.7970470126301603
1.0
1.0
0.8626642388325527
1.0
0.7967238836292401
0.635365456411072
0.8518189098109897
1.0
0.7892792369976476
1.0
1.0
0.8523494816810202
1.0
0.7967238836292402
0.6061938921199956
0.8575555254931682
1.0
0.7815114613651348
1.0
1.0
0.7970470126301603
1.0
0.9855200208891408
0.7951057852155923
0.9909551006881658
1.0
0.8166894362237178
1.0
1.0
0.7892792369976476
1.0
0.9855200208891409
0.79208992301821
0.9834200207253385
1.0
0.8286637397882495
1.0
1.0
0.7815114613651348
1.0
0.985520020889141
0.7890740608208278
0.9758849407625112
1.0
0.8406380433527811
1.0
1.0
0.8166894362237178
1.0
0.9772951405563033
0.8251410828395784
0.9497001377255474
1.0
0.9331256668088489
1.0
1.0
0.8286637397882495
1.0
0.9772951405563033
0.8420871713802913
0.9606019221240855
1.0
0.9257608749500681
1.0
1.0
0.840638043352781
1.0
0.9772951405563033
0.8590332599210043
0.9715037065226235
1.0
0.9183960830912874
1.0
1.0
0.933125666808849
1.0
0.9102115835099289
0.8893928655220825
0.9785755906204361
1.0
0.933125666808849
1.0
1.0
0.925760874950069
1.0
0.9102115835099289
0.8821926144693188
0.9785755906204283
1.0
0.9257608749500682
1.0
1.0
0.918396083091289
1.0
0.910211583509929
0.8749923634165553
0.9785755906204207
1.0
0.9183960830912874
1.0
1.0
0.8166894362237178
1.0
0.9772951405563033
0.8251410828395784
0.9497001377255474
1.0
0.9331256668088489
1.0
1.0
0.8286637397882501
1.0
0.9772951405563033
0.8420871713802851
0.960601922124095
1.0
0.925760874950069
1.0
1.0
0.8406380433527826
1.0
0.9772951405563033
0.8590332599209918
0.9715037065226426
1.0
0.918396083091289
1.0
1.0
0.7970470126301603
1.0
0.9855200208891408
0.7951057852155923
0.9909551006881658
1.0
0.8166894362237178
1.0
1.0
0.7892792369976495
1.0
0.9855200208891408
0.7920899230182249
0.9834200207253625
1.0
0.8286637397882501
1.0
1.0
0.7815114613651386
1.0
0.9855200208891408
0.7890740608208575
0.9758849407625592
1.0
0.8406380433527825
1.0
1.0
0.8729789959840852
1.0
0.7967238836292398
0.6645370207021485
0.8460822941288113
1.0
0.7970470126301603
1.0
1.0
0.8626642388325527
1.0
0.7967238836292398
0.6353654564110702
0.8518189098109871
1.0
0.7892792369976495
1.0
1.0
0.8523494816810202
1.0
0.79672388362924
0.6061938921199919
0.8575555254931628
1.0
0.7815114613651386
1.0
1.0
0.585719903114587
1.0
0.9497001377255474
0.6698183394266147
0.9497001377255474
1.0
0.9785755906204361
1.0
1.0
0.7339602543627974
1.0
0.960601922124095
0.7935440966601075
0.9606019221240855
1.0
0.9785755906204283
1.0
1.0
0.8822006056110078
1.0
0.9715037065226426
0.9172698538936002
0.9715037065226235
1.0
0.9785755906204207
1.0
1.0
0.6744709386029315
1.0
0.9909551006881658
0.6210505215469251
0.9909551006881658
1.0
0.585719903114587
1.0
1.0
0.7298211358378147
1.0
0.9834200207253625
0.7123917907899641
0.9834200207253385
1.0
0.7339602543627974
1.0
1.0
0.7851713330726979
1.0
0.9758849407625592
0.803733060033003
0.9758849407625112
1.0
0.8822006056110078
1.0
1.0
0.8573933926760993
1.0
0.8460822941288113
0.48423445731614334
0.8460822941288113
1.0
0.6744709386029315
1.0
1.0
0.8573933926760993
1.0
0.8518189098109871
0.5261539794418719
0.8518189098109897
1.0
0.7298211358378147
1.0
1.0
0.8573933926760993
1.0
0.8575555254931628
0.5680735015676006
0.8575555254931682
1.0
0.7851713330726979
1.0
1.0
0.7970470126301603
1.0
0.8758690424613653
0.6860792319135971
0.9384261757109401
1.0
0.7979884277025437
1.0
0.9855200208891408
0.7951057852155923
0.9909551006881658
0.9019434112683506
0.7087115942827318
0.9472326486402687
1.0
0.7871212043218352
1.0
1.0
0.8166894362237178
1.0
0.928017780075336
0.7313439566518666
0.9560391215695974
1.0
0.7762539809411266
1.0
1.0
0.7979884277025437
1.0
0.7414379674750368
0.5592695835329289
0.8746879496885259
1.0
0.7979884277025437
1.0
1.0
0.7871212043218352
1.0
0.7414379674750368
0.5486995488591317
0.8746879496885236
1.0
0.7871212043218352
1.0
1.0
0.7762539809411266
1.0
0.7414379674750368
0.5381295141853345
0.8746879496885211
1.0
0.7762539809411266
1.0
1.0
0.7970470126301603
1.0
0.8758690424613653
0.6860792319135971
0.9384261757109401
1.0
0.7979884277025437
1.0
0.9855200208891408
0.7951057852155923
0.9909551006881658
0.9019434112683506
0.7087115942827318
0.9472326486402687
1.0
0.7871212043218352
1.0
1.0
0.8166894362237178
1.0
0.928017780075336
0.7313439566518666
0.9560391215695974
1.0
0.7762539809411266
1.0
1.0
0.6744709386029315
1.0
0.9384261757109402
0.7231342369706004
0.9384261757109402
1.0
0.8746879496885259
1.0
0.9909551006881658
0.6210505215469251
0.9909551006881658
0.9472326486402688
0.7093205855227056
0.9472326486402688
1.0
0.8746879496885236
1.0
1.0
0.585719903114587
1.0
0.9560391215695974
0.6955069340748109
0.9560391215695974
1.0
0.8746879496885211
1.0

Patch vertices
[0.022376784454076277, -0.016973589317176612, 0.023999999999999997]
[0.021344360216073235, -0.01619045870013345, -0.027927963505144184]
[0.022376784454076277, 0.016973589317176612, 0.023999999999999997]
[0.021344360216073235, 0.01619045870013345, -0.027927963505144184]
[-0.010314001764390124, 0.02612364033622648, 0.024]
[-0.011576037841869707, 0.02190601043473672, -0.03282997432853061]
[-0.018451664444395464, 0.021174496358680975, 0.024]
[-0.01847179488710622, 0.020841777170490086, -0.024778350708502546]
[-0.025564199630901625, 0.011631634194891568, 0.023999999999999997]
[-0.029874368949936277, 0.006476914428664625, -0.012583763031376913]
[-0.025564199630901625, -0.011631634194891568, 0.023999999999999997]
[-0.029874368949936277, -0.006476914428664625, -0.012583763031376913]
[-0.018451664444395464, -0.021174496358680975, 0.024]
[-0.01847179488710622, -0.020841777170490086, -0.024778350708502546]
[-0.010314001764390124, -0.02612364033622648, 0.024]
[-0.011576037841869707, -0.02190601043473672, -0.03282997432853061]
[0.011102660317401229, -0.008421763946577801, 0.024000000000000004]
[0.011083290309551446, -0.008407071104584015, -0.02411157807267311]
[0.011102660317401229, 0.008421763946577801, 0.024000000000000004]
[0.011083290309551446, 0.008407071104584015, -0.02411157807267311]
[-0.005117484969215055, 0.012961732973847735, 0.024000000000000004]
[-0.0053457133225734005, 0.010116004579896054, -0.03282997432853062]
[-0.009155138578432961, 0.010506122581864452, 0.024000000000000004]
[-0.011412424199491407, 0.00769178884552729, -0.024778350708502546]
[-0.01268415599974332, 0.005771252954917952, 0.024000000000000004]
[-0.015512589767739013, 0.0033632079948198654, -0.010864178647439679]
[-0.012684155999743322, -0.0057712529549179496, 0.024000000000000004]
[-0.015512589767739013, -0.0033632079948198615, -0.010864178647439679]
[-0.009155138578432965, -0.010506122581864449, 0.024000000000000004]
[-0.011412424199491407, -0.00769178884552729, -0.024778350708502546]
[-0.005117484969215056, -0.012961732973847735, 0.024000000000000004]
[-0.005345713322573403, -0.010116004579896053, -0.03282997432853062]
[-0.04243169896988375, 0.017791788943807302, 0.024000000000000004]
[-0.03818269467622975, 0.014894955026487843, -0.03282997432853061]
[-0.04243169896988375, -0.017791788943807302, 0.024000000000000004]
[-0.03818269467622975, -0.014894955026487843, -0.03282997432853061]
[-0.03823120119455397, 0.014245172427109726, 0.024]
[-0.035504949581480746, 0.012471523285329618, -0.029372133990473566]
[-0.03823120119455397, -0.014245172427109726, 0.024]
[-0.035504949581480746, -0.012471523285329618, -0.029372133990473566]

Patch connectivity
[0, 1, 2, 3, 16, 17, 18, 19]
[2, 3, 4, 5, 18, 19, 20, 21]
[4, 5, 6, 7, 20, 21, 22, 23]
[6, 7, 8, 9, 22, 23, 24, 25]
[10, 11, 8, 9, 26, 27, 24, 25]
[12, 13, 10, 11, 28, 29, 26, 27]
[14, 15, 12, 13, 30, 31, 28, 29]
[0, 1, 14, 15, 16, 17, 30, 31]
[13, 7, 11, 9, 29, 23, 27, 25]
[15, 5, 13, 7, 31, 21, 29, 23]
[1, 3, 15, 5, 17, 19, 31, 21]
[4, 5, 32, 33, 6, 7, 36, 37]
[34, 35, 32, 33, 38, 39, 36, 37]
[14, 15, 34, 35, 12, 13, 38, 39]
[15, 5, 35, 33, 13, 7, 39, 37]

Number of elements per boundary
(4, 5):1
(4, 32):1
(5, 33):1
(32, 33):1
(34, 32):1
(34, 35):1
(35, 33):1
(14, 34):1
(14, 15):1
(15, 5):1
(15, 35):1
(6, 7):1
(6, 36):1
(7, 37):1
(36, 37):1
(38, 36):1
(38, 39):1
(39, 37):1
(12, 38):1
(12, 13):1
(13, 7):1
(13, 39):1
(4, 6):1
(5, 7):1
(32, 36):1
(33, 37):1
(34, 38):1
(35, 39):1
(14, 12):1
(15, 13):1
(0, 1):1
(0, 2):1
(0, 14):1
(1, 3):1
(1, 15):1
(2, 3):1
(2, 4):1
(3, 5):1
(6, 8):1
(7, 9):1
(8, 9):1
(10, 8):1
(10, 11):1
(11, 9):1
(12, 10):1
(13, 11):1
(16, 17):1
(16, 18):1
(16, 30):1
(17, 19):1
(17, 31):1
(18, 19):1
(18, 20):1
(19, 21):1
(20, 21):1
(20, 22):1
(21, 23):1
(22, 23):1
(22, 24):1
(23, 25):1
(24, 25):1
(26, 24):1
(26, 27):1
(27, 25):1
(28, 26):1
(28, 29):1
(29, 23):1
(29, 27):1
(30, 28):1
(30, 31):1
(31, 21):1
(31, 29):1
(0, 16):1
(1, 17):1
(2, 18):1
(3, 19):1
(4, 20):1
(5, 21):1
(6, 22):1
(7, 23):1
(8, 24):1
(9, 25):1
(10, 26):1
(11, 27):1
(12, 28):1
(13, 29):1
(14, 30):1
(15, 31):1


Knot values per boundary
(4, 5):[0.0, 1]
(4, 32):[0.0, 1]
(5, 33):[0.0, 1]
(32, 33):[0.0, 1]
(34, 32):[0.0, 1]
(34, 35):[0.0, 1]
(35, 33):[0.0, 1]
(14, 34):[0.0, 1]
(14, 15):[0.0, 1]
(15, 5):[0.0, 1]
(15, 35):[0.0, 1]
(6, 7):[0.0, 1]
(6, 36):[0.0, 1]
(7, 37):[0.0, 1]
(36, 37):[0.0, 1]
(38, 36):[0.0, 1]
(38, 39):[0.0, 1]
(39, 37):[0.0, 1]
(12, 38):[0.0, 1]
(12, 13):[0.0, 1]
(13, 7):[0.0, 1]
(13, 39):[0.0, 1]
(4, 6):[0.0, 1]
(5, 7):[0.0, 1]
(32, 36):[0.0, 1]
(33, 37):[0.0, 1]
(34, 38):[0.0, 1]
(35, 39):[0.0, 1]
(14, 12):[0.0, 1]
(15, 13):[0.0, 1]
(0, 1):[0.0, 1]
(0, 2):[0.0, 1]
(0, 14):[0.0, 1]
(1, 3):[0.0, 1]
(1, 15):[0.0, 1]
(2, 3):[0.0, 1]
(2, 4):[0.0, 1]
(3, 5):[0.0, 1]
(6, 8):[0.0, 1]
(7, 9):[0.0, 1]
(8, 9):[0.0, 1]
(10, 8):[0.0, 1]
(10, 11):[0.0, 1]
(11, 9):[0.0, 1]
(12, 10):[0.0, 1]
(13, 11):[0.0, 1]
(16, 17):[0.0, 1]
(16, 18):[0.0, 1]
(16, 30):[0.0, 1]
(17, 19):[0.0, 1]
(17, 31):[0.0, 1]
(18, 19):[0.0, 1]
(18, 20):[0.0, 1]
(19, 21):[0.0, 1]
(20, 21):[0.0, 1]
(20, 22):[0.0, 1]
(21, 23):[0.0, 1]
(22, 23):[0.0, 1]
(22, 24):[0.0, 1]
(23, 25):[0.0, 1]
(24, 25):[0.0, 1]
(26, 24):[0.0, 1]
(26, 27):[0.0, 1]
(27, 25):[0.0, 1]
(28, 26):[0.0, 1]
(28, 29):[0.0, 1]
(29, 23):[0.0, 1]
(29, 27):[0.0, 1]
(30, 28):[0.0, 1]
(30, 31):[0.0, 1]
(31, 21):[0.0, 1]
(31, 29):[0.0, 1]
(0, 16):[0.0, 1]
(1, 17):[0.0, 1]
(2, 18):[0.0, 1]
(3, 19):[0.0, 1]
(4, 20):[0.0, 1]
(5, 21):[0.0, 1]
(6, 22):[0.0, 1]
(7, 23):[0.0, 1]
(8, 24):[0.0, 1]
(9, 25):[0.0, 1]
(10, 26):[0.0, 1]
(11, 27):[0.0, 1]
(12, 28):[0.0, 1]
(13, 29):[0.0, 1]
(14, 30):[0.0, 1]
(15, 31):[0.0, 1]


Knot multiplicity per boundary
(4, 5):[3, 3]
(4, 32):[3, 3]
(5, 33):[3, 3]
(32, 33):[3, 3]
(34, 32):[3, 3]
(34, 35):[3, 3]
(35, 33):[3, 3]
(14, 34):[3, 3]
(14, 15):[3, 3]
(15, 5):[3, 3]
(15, 35):[3, 3]
(6, 7):[3, 3]
(6, 36):[3, 3]
(7, 37):[3, 3]
(36, 37):[3, 3]
(38, 36):[3, 3]
(38, 39):[3, 3]
(39, 37):[3, 3]
(12, 38):[3, 3]
(12, 13):[3, 3]
(13, 7):[3, 3]
(13, 39):[3, 3]
(4, 6):[3, 3]
(5, 7):[3, 3]
(32, 36):[3, 3]
(33, 37):[3, 3]
(34, 38):[3, 3]
(35, 39):[3, 3]
(14, 12):[3, 3]
(15, 13):[3, 3]
(0, 1):[3, 3]
(0, 2):[3, 3]
(0, 14):[3, 3]
(1, 3):[3, 3]
(1, 15):[3, 3]
(2, 3):[3, 3]
(2, 4):[3, 3]
(3, 5):[3, 3]
(6, 8):[3, 3]
(7, 9):[3, 3]
(8, 9):[3, 3]
(10, 8):[3, 3]
(10, 11):[3, 3]
(11, 9):[3, 3]
(12, 10):[3, 3]
(13, 11):[3, 3]
(16, 17):[3, 3]
(16, 18):[3, 3]
(16, 30):[3, 3]
(17, 19):[3, 3]
(17, 31):[3, 3]
(18, 19):[3, 3]
(18, 20):[3, 3]
(19, 21):[3, 3]
(20, 21):[3, 3]
(20, 22):[3, 3]
(21, 23):[3, 3]
(22, 23):[3, 3]
(22, 24):[3, 3]
(23, 25):[3, 3]
(24, 25):[3, 3]
(26, 24):[3, 3]
(26, 27):[3, 3]
(27, 25):[3, 3]
(28, 26):[3, 3]
(28, 29):[3, 3]
(29, 23):[3, 3]
(29, 27):[3, 3]
(30, 28):[3, 3]
(30, 31):[3, 3]
(31, 21):[3, 3]
(31, 29):[3, 3]
(0, 16):[3, 3]
(1, 17):[3, 3]
(2, 18):[3, 3]
(3, 19):[3, 3]
(4, 20):[3, 3]
(5, 21):[3, 3]
(6, 22):[3, 3]
(7, 23):[3, 3]
(8, 24):[3, 3]
(9, 25):[3, 3]
(10, 26):[3, 3]
(11, 27):[3, 3]
(12, 28):[3, 3]
(13, 29):[3, 3]
(14, 30):[3, 3]
(15, 31):[3, 3]


Boundary names
endo_r:patch3-left,patch4-left,patch5-left,patch8-left,patch11-right,patch12-right,patch13-right,patch14-right
epi:patch0-left,patch1-left,patch7-left,patch10-left,patch11-left,patch12-left,patch13-left,patch14-left
endo_l:patch0-right,patch1-right,patch2-right,patch3-right,patch4-right,patch5-right,patch6-right,patch7-right,patch8-right,patch9-right,patch10-right
septum_r:patch3-left,patch4-left,patch5-left,patch8-left
endo_r_nosep:patch11-right,patch12-right,patch13-right,patch14-right
base_r:patch11-front,patch12-front,patch13-front
base_l:patch0-front,patch1-front,patch2-front,patch3-front,patch4-front,patch5-front,patch6-front,patch7-front


