Bi-ventricle (thickness variant) multipatch geometry data

Control points
[0.02201655747861857, -0.017438303059731656, 0.024]
[0.028223157164101096, -0.022354265348158892, -0.0025770911505701814]
[0.021000753459727364, -0.016633731393706164, -0.027927963505144184]
[0.03582863567923501, 0.0, 0.024]
[0.048848744229546555, 1.1917334107620875e-17, -0.011118749856704436]
[0.029150669630960826, 1.3470325105313102e-17, -0.03876617280257132]
[0.02201655747861857, 0.017438303059731656, 0.024]
[0.028223157164101096, 0.022354265348158892, -0.0025770911505701814]
[0.021000753459727364, 0.016633731393706164, -0.027927963505144184]
[0.01647024222082087, -0.013045321712660563, 0.024]
[0.02162321195799189, -0.017126752155257267, -0.0013269413523424001]
[0.015952811119023746, -0.012635488323656314, -0.026019770788908644]
[0.02680284184535338, 0.0, 0.024000000000000007]
[0.037577802678233685, 1.3408887865835593e-17, -0.009321569450799783]
[0.022143735342999314, 1.6722565098241524e-17, -0.036117453766377774]
[0.01647024222082087, 0.013045321712660563, 0.024]
[0.02162321195799189, 0.017126752155257267, -0.0013269413523424001]
[0.015952811119023746, 0.012635488323656314, -0.026019770788908644]
[0.010923926963023174, -0.00865234036558947, 0.024000000000000004]
[0.015023266751882683, -0.011899238962355644, -7.6791554114619e-05]
[0.010904868778320129, -0.008637245253606462, -0.02411157807267311]
[0.01777704801147174, 0.0, 0.02400000000000001]
[0.026306861126920815, 1.490044162405031e-17, -0.0075243890448951295]
[0.015136801055037803, 1.9974805091169944e-17, -0.033468734730184226]
[0.010923926963023174, 0.00865234036558947, 0.024000000000000004]
[0.015023266751882683, 0.011899238962355644, -7.6791554114619e-05]
[0.010904868778320129, 0.008637245253606462, -0.02411157807267311]
[0.02201655747861857, 0.017438303059731656, 0.024]
[0.028223157164101096, 0.022354265348158892, -0.0025770911505701814]
[0.021000753459727364, 0.016633731393706164, -0.027927963505144184]
[0.008204479278002125, 0.034876606119463326, 0.024000000000000004]
[0.0026074851238368007, 0.04657403754833822, -0.015907864652368806]
[0.005075833127108429, 0.026836035442992196, -0.04484700964522597]
[-0.01193331617278465, 0.025424774963266006, 0.024000000000000004]
[-0.005793908912681605, 0.03873718193498006, -0.007938625734737767]
[-0.014058393261518455, 0.020070671543056095, -0.03341055708311527]
[0.01647024222082087, 0.013045321712660563, 0.024]
[0.02162321195799189, 0.017126752155257267, -0.0013269413523424001]
[0.015952811119023746, 0.012635488323656314, -0.026019770788908644]
[0.006137642596288367, 0.026090643425321133, 0.024000000000000007]
[0.005159422214273014, 0.037380141685404183, -0.015652605666637096]
[0.004114935424884577, 0.019718816969949815, -0.04274694252757762]
[-0.008927127143027562, 0.019019876402635853, 0.024000000000000004]
[-0.008053466639635415, 0.028466338721846646, -0.007894601200237737]
[-0.01024988525422846, 0.014633399170497618, -0.03341055708311527]
[0.010923926963023174, 0.00865234036558947, 0.024000000000000004]
[0.015023266751882683, 0.011899238962355644, -7.6791554114619e-05]
[0.010904868778320129, 0.008637245253606462, -0.02411157807267311]
[0.004070805914574609, 0.01730468073117894, 0.02400000000000001]
[0.007711359304709227, 0.028186245822470153, -0.015397346680905387]
[0.003154037722660726, 0.012601598496907432, -0.04064687540992927]
[-0.0059209381132704735, 0.012614977842005697, 0.024000000000000004]
[-0.010313024366589223, 0.01819549550871323, -0.00785057666573771]
[-0.006441377246938465, 0.009196126797939142, -0.03341055708311527]
[-0.01193331617278465, 0.025424774963266006, 0.024000000000000004]
[-0.005793908912681606, 0.03873718193498006, -0.007938625734737767]
[-0.014058393261518455, 0.020070671543056095, -0.03341055708311527]
[-0.016931274643036908, 0.023078944224148797, 0.024000000000000007]
[-0.012386073703877457, 0.03643583250240789, -0.004271769053308138]
[-0.017683221739600016, 0.020098345262652913, -0.028987911857217684]
[-0.02066936700084921, 0.01901579566036003, 0.024000000000000004]
[-0.01785675122066559, 0.03199105685108231, 0.00048442097794027824]
[-0.020608868954182617, 0.0193313455544144, -0.02341910643851212]
[-0.008927127143027562, 0.019019876402635853, 0.024000000000000004]
[-0.008053466639635415, 0.028466338721846646, -0.007894601200237737]
[-0.01024988525422846, 0.014633399170497618, -0.03341055708311527]
[-0.012666021686127724, 0.017264997125081696, 0.024000000000000007]
[-0.013318322451295724, 0.02575625303212126, -0.00432507959964769]
[-0.013806513767288824, 0.014218326585541927, -0.029468900503936923]
[-0.015462430099966227, 0.014225419248759662, 0.024000000000000004]
[-0.016766548948357163, 0.021552030601518085, 0.00044318050774364286]
[-0.016504607468919904, 0.012978544046345958, -0.023419106438512118]
[-0.0059209381132704735, 0.012614977842005697, 0.024000000000000004]
[-0.010313024366589223, 0.01819549550871323, -0.00785057666573771]
[-0.006441377246938465, 0.009196126797939142, -0.03341055708311527]
[-0.008400768729218537, 0.011451050026014594, 0.024000000000000004]
[-0.014250571198713988, 0.015076673561834635, -0.004378390145987242]
[-0.009929805794977632, 0.00833830790843094, -0.02994988915065616]
[-0.010255493199083244, 0.009435042837159294, 0.024000000000000004]
[-0.015676346676048735, 0.011113004351953858, 0.0004019400375470075]
[-0.012400345983657189, 0.006625742538277518, -0.02341910643851211]
[-0.02066936700084921, 0.01901579566036003, 0.024000000000000004]
[-0.0178567512206656, 0.03199105685108232, 0.0004844209779402778]
[-0.020608868954182617, 0.0193313455544144, -0.02341910643851212]
[-0.02424645951420382, 0.01512764712978644, 0.024000000000000004]
[-0.029119316663717754, 0.022544568081197022, 0.005224895171954696]
[-0.02768079951942205, 0.013630227847902774, -0.019066884004662863]
[-0.026166228162111095, 0.010205475029644922, 0.024]
[-0.03203779606432187, 0.00903075036439663, 0.007070879572130752]
[-0.030179161516945087, 0.005677051575949681, -0.011564329828884095]
[-0.015462430099966227, 0.014225419248759662, 0.024000000000000004]
[-0.01676654894835717, 0.02155203060151809, 0.0004431805077436427]
[-0.016504607468919904, 0.012978544046345958, -0.023419106438512118]
[-0.018138397048861457, 0.011316756159570212, 0.024000000000000007]
[-0.022927993937530516, 0.015340551559375162, 0.005112593515245626]
[-0.021181363559958276, 0.009318731174541635, -0.01826877767304775]
[-0.019574545941333746, 0.007634556214341351, 0.024]
[-0.024421002352775504, 0.006864582360462423, 0.007645323437980196]
[-0.0229250090637741, 0.004312461058968932, -0.010774190943764262]
[-0.010255493199083244, 0.009435042837159294, 0.024000000000000004]
[-0.015676346676048735, 0.011113004351953856, 0.0004019400375470076]
[-0.012400345983657189, 0.006625742538277518, -0.02341910643851211]
[-0.012030334583519094, 0.007505865189353983, 0.02400000000000001]
[-0.016736671211343278, 0.008136535037553301, 0.0050002918585365565]
[-0.014681927600494506, 0.005007234501180494, -0.017470671341432636]
[-0.0129828637205564, 0.0050636373990377796, 0.024000000000000004]
[-0.01680420864122914, 0.0046984143565282155, 0.00821976730382964]
[-0.015670856610603114, 0.0029478705419881844, -0.00998405205864443]
[-0.026166228162111095, -0.010205475029644922, 0.024]
[-0.03203779606432186, -0.009030750364396626, 0.00707087957213075]
[-0.030179161516945087, -0.005677051575949681, -0.011564329828884095]
[-0.030146615397727974, 0.0, 0.024]
[-0.03435794745317841, -9.412767958915788e-18, 0.006745951165888953]
[-0.031195075550176626, -1.7983241216269137e-17, -0.011953617150584033]
[-0.026166228162111095, 0.010205475029644922, 0.024]
[-0.03203779606432186, 0.009030750364396626, 0.00707087957213075]
[-0.030179161516945087, 0.005677051575949681, -0.011564329828884095]
[-0.01957454594133375, -0.007634556214341349, 0.024]
[-0.024421002352775514, -0.006864582360462421, 0.007645323437980184]
[-0.0229250090637741, -0.0043124610589689305, -0.010774190943764262]
[-0.022552211362775784, 7.835412811399252e-19, 0.024]
[-0.026184011814942995, -4.786677460833086e-17, 0.00732659314655322]
[-0.023696728265010753, -4.032172269663427e-17, -0.0111368800055641]
[-0.019574545941333746, 0.007634556214341351, 0.024]
[-0.0244210023527755, 0.00686458236046242, 0.0076453234379801945]
[-0.0229250090637741, 0.004312461058968932, -0.010774190943764262]
[-0.012982863720556402, -0.005063637399037776, 0.024000000000000004]
[-0.01680420864122917, -0.004698414356528217, 0.008219767303829617]
[-0.015670856610603114, -0.002947870541988181, -0.00998405205864443]
[-0.014957807327823598, 1.5670825622798505e-18, 0.024000000000000004]
[-0.018010076176707582, -8.632078125774592e-17, 0.007907235127217489]
[-0.01619838097984488, -6.26602041769994e-17, -0.010320142860544165]
[-0.0129828637205564, 0.0050636373990377796, 0.024000000000000004]
[-0.01680420864122914, 0.004698414356528213, 0.00821976730382964]
[-0.015670856610603114, 0.0029478705419881844, -0.00998405205864443]
[-0.02066936700084921, -0.01901579566036003, 0.024000000000000004]
[-0.0178567512206656, -0.03199105685108232, 0.0004844209779402778]
[-0.020608868954182617, -0.0193313455544144, -0.02341910643851212]
[-0.02424645951420382, -0.01512764712978644, 0.024000000000000004]
[-0.029119316663717754, -0.022544568081197022, 0.005224895171954696]
[-0.02768079951942205, -0.013630227847902774, -0.019066884004662863]
[-0.026166228162111095, -0.010205475029644922, 0.024]
[-0.03203779606432187, -0.00903075036439663, 0.007070879572130752]
[-0.030179161516945087, -0.005677051575949681, -0.011564329828884095]
[-0.015462430099966229, -0.01422541924875966, 0.024000000000000004]
[-0.016766548948357166, -0.02155203060151808, 0.0004431805077436227]
[-0.016504607468919904, -0.012978544046345958, -0.023419106438512118]
[-0.018138397048861457, -0.01131675615957021, 0.024000000000000007]
[-0.022927993937530356, -0.01534055155937493, 0.005112593515245557]
[-0.021181363559958276, -0.00931873117454164, -0.018268777673047777]
[-0.01957454594133375, -0.007634556214341349, 0.024]
[-0.02442100235277552, -0.006864582360462423, 0.007645323437980184]
[-0.0229250090637741, -0.0043124610589689305, -0.010774190943764262]
[-0.010255493199083249, -0.009435042837159291, 0.024000000000000004]
[-0.01567634667604873, -0.011113004351953842, 0.0004019400375469676]
[-0.012400345983657189, -0.006625742538277518, -0.02341910643851211]
[-0.012030334583519098, -0.007505865189353981, 0.02400000000000001]
[-0.01673667121134296, -0.008136535037552834, 0.005000291858536417]
[-0.0146819276004945, -0.005007234501180507, -0.017470671341432688]
[-0.012982863720556402, -0.005063637399037776, 0.024000000000000004]
[-0.01680420864122917, -0.004698414356528217, 0.008219767303829617]
[-0.015670856610603114, -0.002947870541988181, -0.00998405205864443]
[-0.01193331617278465, -0.025424774963266006, 0.024000000000000004]
[-0.005793908912681606, -0.03873718193498006, -0.007938625734737767]
[-0.014058393261518455, -0.020070671543056095, -0.03341055708311527]
[-0.016931274643036908, -0.023078944224148797, 0.024000000000000007]
[-0.012386073703877457, -0.03643583250240789, -0.004271769053308138]
[-0.017683221739600016, -0.020098345262652913, -0.028987911857217684]
[-0.02066936700084921, -0.01901579566036003, 0.024000000000000004]
[-0.01785675122066559, -0.03199105685108231, 0.00048442097794027824]
[-0.020608868954182617, -0.0193313455544144, -0.02341910643851212]
[-0.00892712714302756, -0.019019876402635853, 0.024000000000000004]
[-0.008053466639635413, -0.028466338721846635, -0.007894601200237737]
[-0.010249885254228463, -0.014633399170497618, -0.03341055708311527]
[-0.012666021686127724, -0.017264997125081696, 0.024000000000000007]
[-0.01331832245129572, -0.025756253032121302, -0.00432507959964757]
[-0.013806513767288801, -0.014218326585541929, -0.02946890050393694]
[-0.015462430099966229, -0.01422541924875966, 0.024000000000000004]
[-0.016766548948357163, -0.021552030601518078, 0.00044318050774362335]
[-0.016504607468919904, -0.012978544046345958, -0.023419106438512118]
[-0.005920938113270471, -0.012614977842005699, 0.024000000000000004]
[-0.01031302436658922, -0.01819549550871321, -0.007850576665737706]
[-0.006441377246938472, -0.009196126797939139, -0.03341055708311527]
[-0.00840076872921854, -0.011451050026014592, 0.024000000000000004]
[-0.014250571198713985, -0.015076673561834716, -0.004378390145987001]
[-0.009929805794977587, -0.008338307908430945, -0.0299498891506562]
[-0.010255493199083249, -0.009435042837159291, 0.024000000000000004]
[-0.015676346676048735, -0.011113004351953844, 0.0004019400375469685]
[-0.012400345983657189, -0.006625742538277518, -0.02341910643851211]
[0.02201655747861857, -0.017438303059731656, 0.024]
[0.028223157164101096, -0.022354265348158892, -0.0025770911505701814]
[0.021000753459727364, -0.016633731393706164, -0.027927963505144184]
[0.008204479278002125, -0.034876606119463326, 0.024000000000000004]
[0.0026074851238368007, -0.04657403754833822, -0.015907864652368806]
[0.005075833127108429, -0.026836035442992196, -0.04484700964522597]
[-0.01193331617278465, -0.025424774963266006, 0.024000000000000004]
[-0.005793908912681605, -0.03873718193498006, -0.007938625734737767]
[-0.014058393261518455, -0.020070671543056095, -0.03341055708311527]
[0.01647024222082087, -0.013045321712660563, 0.024]
[0.02162321195799189, -0.017126752155257267, -0.0013269413523424001]
[0.015952811119023746, -0.012635488323656314, -0.026019770788908644]
[0.006137642596288368, -0.026090643425321133, 0.024000000000000007]
[0.005159422214273053, -0.03738014168540426, -0.015652605666637225]
[0.004114935424884577, -0.01971881696994982, -0.042746942527577644]
[-0.00892712714302756, -0.019019876402635853, 0.024000000000000004]
[-0.008053466639635413, -0.028466338721846635, -0.007894601200237737]
[-0.010249885254228463, -0.014633399170497618, -0.03341055708311527]
[0.010923926963023174, -0.00865234036558947, 0.024000000000000004]
[0.015023266751882683, -0.011899238962355644, -7.6791554114619e-05]
[0.010904868778320129, -0.008637245253606462, -0.02411157807267311]
[0.00407080591457461, -0.01730468073117894, 0.02400000000000001]
[0.007711359304709306, -0.028186245822470302, -0.015397346680905644]
[0.0031540377226607253, -0.01260159849690744, -0.04064687540992931]
[-0.005920938113270471, -0.012614977842005699, 0.024000000000000004]
[-0.01031302436658922, -0.01819549550871321, -0.007850576665737706]
[-0.006441377246938472, -0.009196126797939139, -0.03341055708311527]
[-0.020608868954182617, -0.0193313455544144, -0.02341910643851212]
[-0.025316560198072387, 3.115946310012864e-17, -0.06010032707262847]
[-0.020608868954182617, 0.0193313455544144, -0.02341910643851212]
[-0.02768079951942205, -0.013630227847902774, -0.019066884004662863]
[-0.03066778090856241, 5.882666633962128e-18, -0.04428742812673988]
[-0.02768079951942205, 0.013630227847902774, -0.019066884004662863]
[-0.030179161516945087, -0.005677051575949681, -0.011564329828884095]
[-0.031195075550176626, -1.7983241216269137e-17, -0.011953617150584033]
[-0.030179161516945087, 0.005677051575949681, -0.011564329828884095]
[-0.016504607468919904, -0.012978544046345958, -0.023419106438512118]
[-0.02007938615062921, 2.3519410011877083e-17, -0.04406555252165336]
[-0.016504607468919904, 0.012978544046345958, -0.023419106438512118]
[-0.021181363559958276, -0.00931873117454164, -0.018268777673047777]
[-0.023266314832011192, -2.9449899167658045e-17, -0.03193689337325361]
[-0.021181363559958276, 0.009318731174541635, -0.01826877767304775]
[-0.0229250090637741, -0.0043124610589689305, -0.010774190943764262]
[-0.023696728265010753, -4.032172269663427e-17, -0.0111368800055641]
[-0.0229250090637741, 0.004312461058968932, -0.010774190943764262]
[-0.012400345983657189, -0.006625742538277518, -0.02341910643851211]
[-0.014842212103186035, 1.5879356923625525e-17, -0.028030777970678253]
[-0.012400345983657189, 0.006625742538277518, -0.02341910643851211]
[-0.0146819276004945, -0.005007234501180507, -0.017470671341432688]
[-0.015864848755459977, -6.478246496927822e-17, -0.019586358619767343]
[-0.014681927600494506, 0.005007234501180494, -0.017470671341432636]
[-0.015670856610603114, -0.002947870541988181, -0.00998405205864443]
[-0.01619838097984488, -6.26602041769994e-17, -0.010320142860544165]
[-0.015670856610603114, 0.0029478705419881844, -0.00998405205864443]
[-0.014058393261518455, -0.020070671543056095, -0.03341055708311527]
[-0.022039747615123843, 4.815986596959867e-17, -0.06029874174893663]
[-0.014058393261518455, 0.020070671543056095, -0.03341055708311527]
[-0.017683221739600016, -0.020098345262652913, -0.028987911857217684]
[-0.024216122763170127, 4.098266925861284e-17, -0.06158744511711249]
[-0.017683221739600016, 0.020098345262652913, -0.028987911857217684]
[-0.020608868954182617, -0.0193313455544144, -0.02341910643851212]
[-0.02531656019807239, 3.1529937592734935e-17, -0.06010032707262846]
[-0.020608868954182617, 0.0193313455544144, -0.02341910643851212]
[-0.010249885254228463, -0.014633399170497618, -0.03341055708311527]
[-0.015734896973246336, 2.4180456794400947e-17, -0.05460556162159205]
[-0.01024988525422846, 0.014633399170497618, -0.03341055708311527]
[-0.013806513767288803, -0.01421832658554193, -0.029468900503936947]
[-0.018580206562214003, 1.1800835274039259e-16, -0.05124186355433978]
[-0.013806513767288822, 0.014218326585541927, -0.02946890050393692]
[-0.016504607468919904, -0.012978544046345958, -0.023419106438512118]
[-0.02007938615062921, 2.370464725818023e-17, -0.04406555252165335]
[-0.016504607468919904, 0.012978544046345958, -0.023419106438512118]
[-0.006441377246938472, -0.009196126797939139, -0.03341055708311527]
[-0.009430046331368826, 2.010476192032256e-19, -0.04891238149424748]
[-0.006441377246938465, 0.009196126797939142, -0.03341055708311527]
[-0.00992980579497759, -0.008338307908430948, -0.029949889150656214]
[-0.012944290361257878, 1.9503403622217231e-16, -0.040896281991567064]
[-0.00992980579497763, 0.00833830790843094, -0.029949889150656158]
[-0.012400345983657189, -0.006625742538277518, -0.02341910643851211]
[-0.014842212103186035, 1.5879356923625525e-17, -0.028030777970678253]
[-0.012400345983657189, 0.006625742538277518, -0.02341910643851211]
[0.021000753459727364, -0.016633731393706164, -0.027927963505144184]
[0.029150669630960826, 1.3470325105313102e-17, -0.03876617280257132]
[0.021000753459727364, 0.016633731393706164, -0.027927963505144184]
[0.005075833127108429, -0.026836035442992196, -0.04484700964522597]
[0.009742157079026478, 6.924754049031214e-17, -0.12508773828177525]
[0.005075833127108429, 0.026836035442992196, -0.04484700964522597]
[-0.014058393261518455, -0.020070671543056095, -0.03341055708311527]
[-0.022039747615123846, 4.730278661145285e-17, -0.06029874174893664]
[-0.014058393261518455, 0.020070671543056095, -0.03341055708311527]
[0.015952811119023746, -0.012635488323656314, -0.026019770788908644]
[0.022143735342999314, 1.6722565098241524e-17, -0.036117453766377774]
[0.015952811119023746, 0.012635488323656314, -0.026019770788908644]
[0.004114935424884576, -0.019718816969949815, -0.04274694252757763]
[0.007913553886768896, 2.3748266522138716e-17, -0.1057062738804592]
[0.004114935424884577, 0.019718816969949815, -0.04274694252757762]
[-0.010249885254228463, -0.014633399170497618, -0.03341055708311527]
[-0.015734896973246336, 2.3751917115328038e-17, -0.05460556162159206]
[-0.01024988525422846, 0.014633399170497618, -0.03341055708311527]
[0.010904868778320129, -0.008637245253606462, -0.02411157807267311]
[0.015136801055037803, 1.9974805091169944e-17, -0.033468734730184226]
[0.010904868778320129, 0.008637245253606462, -0.02411157807267311]
[0.0031540377226607244, -0.012601598496907436, -0.0406468754099293]
[0.006084950694511314, -2.17510074460347e-17, -0.08632480947914313]
[0.003154037722660725, 0.012601598496907436, -0.04064687540992926]
[-0.006441377246938472, -0.009196126797939139, -0.03341055708311527]
[-0.009430046331368826, 2.010476192032256e-19, -0.04891238149424748]
[-0.006441377246938465, 0.009196126797939142, -0.03341055708311527]
[-0.011933316172784652, 0.025424774963266006, 0.024000000000000007]
[-0.005793908912681604, 0.03873718193498006, -0.007938625734737768]
[-0.014058393261518457, 0.020070671543056095, -0.03341055708311527]
[-0.02879763137376322, 0.033276410453449944, 0.023999999999999997]
[-0.03033704203526721, 0.05346160457011721, -0.014408434915776688]
[-0.027194902487445924, 0.021831167256804045, -0.038695651778843536]
[-0.04343869043193699, 0.022072976420433325, 0.024]
[-0.052951502083166575, 0.0334085768929631, -0.00791898989102572]
[-0.03970865472092436, 0.017628213282203584, -0.03341055708311526]
[-0.016931274643036908, 0.023078944224148797, 0.024000000000000007]
[-0.012386073703877457, 0.03643583250240789, -0.004271769053308138]
[-0.017683221739600016, 0.020098345262652913, -0.028987911857217684]
[-0.029504883511546974, 0.027090376357490197, 0.024]
[-0.03181804355723055, 0.04580049838537137, -0.009287135979145216]
[-0.028030265368660906, 0.020027756007922372, -0.0335352224951828]
[-0.04063015996391391, 0.01861817573692723, 0.024]
[-0.050504051450863646, 0.030298307143000983, -0.0056410969839552]
[-0.03801190598483643, 0.015510846886339844, -0.0304715430865084]
[-0.02066936700084921, 0.01901579566036003, 0.024000000000000004]
[-0.0178567512206656, 0.03199105685108232, 0.0004844209779402784]
[-0.020608868954182617, 0.0193313455544144, -0.023419106438512124]
[-0.03021213564933073, 0.02090434226153045, 0.024]
[-0.033299045079193894, 0.03813939220062552, -0.004165837042513744]
[-0.028865628249875885, 0.018224344759040702, -0.02837479321152206]
[-0.03782162949589084, 0.015163375053421134, 0.024]
[-0.04805660081856071, 0.02718803739303886, -0.003363204076884681]
[-0.0363151572487485, 0.013393480490476103, -0.02753252908990154]
[-0.04343869043193699, -0.022072976420433325, 0.024]
[-0.052951502083166575, -0.0334085768929631, -0.00791898989102572]
[-0.03970865472092436, -0.017628213282203584, -0.03341055708311526]
[-0.07228446668311597, 0.0, 0.024]
[-0.11007381739014613, -1.4882492746293587e-17, -0.03003856988600062]
[-0.04546748655562409, -9.830404758284901e-18, -0.04641660800593623]
[-0.04343869043193699, 0.022072976420433325, 0.024]
[-0.052951502083166575, 0.0334085768929631, -0.00791898989102572]
[-0.03970865472092436, 0.017628213282203584, -0.03341055708311526]
[-0.04063015996391391, -0.01861817573692723, 0.024]
[-0.050504051450863646, -0.030298307143000983, -0.0056410969839552]
[-0.03801190598483643, -0.015510846886339844, -0.0304715430865084]
[-0.06510236599878398, 0.0, 0.024]
[-0.10465578317496264, -5.647102083787245e-18, -0.026436431024064632]
[-0.0431102280169042, -2.944220404492937e-18, -0.042333495585359315]
[-0.04063015996391391, 0.01861817573692723, 0.024]
[-0.050504051450863646, 0.030298307143000983, -0.0056410969839552]
[-0.03801190598483643, 0.015510846886339844, -0.0304715430865084]
[-0.03782162949589084, -0.015163375053421134, 0.024]
[-0.04805660081856071, -0.02718803739303886, -0.003363204076884681]
[-0.0363151572487485, -0.013393480490476103, -0.02753252908990154]
[-0.057920265314452, 0.0, 0.024]
[-0.09923774895977916, 3.5882885787190976e-18, -0.022834292162128643]
[-0.04075296947818432, 3.941963949299026e-18, -0.038250383164782395]
[-0.03782162949589084, 0.015163375053421134, 0.024]
[-0.04805660081856071, 0.02718803739303886, -0.003363204076884681]
[-0.0363151572487485, 0.013393480490476103, -0.02753252908990154]
[-0.011933316172784652, -0.025424774963266006, 0.024000000000000007]
[-0.005793908912681604, -0.03873718193498006, -0.007938625734737768]
[-0.014058393261518457, -0.020070671543056095, -0.03341055708311527]
[-0.02879763137376322, -0.033276410453449944, 0.023999999999999997]
[-0.03033704203526721, -0.05346160457011721, -0.014408434915776688]
[-0.027194902487445924, -0.021831167256804045, -0.038695651778843536]
[-0.04343869043193699, -0.022072976420433325, 0.024]
[-0.052951502083166575, -0.0334085768929631, -0.00791898989102572]
[-0.03970865472092436, -0.017628213282203584, -0.03341055708311526]
[-0.016931274643036908, -0.023078944224148797, 0.024000000000000007]
[-0.012386073703877457, -0.03643583250240789, -0.004271769053308138]
[-0.017683221739600016, -0.020098345262652913, -0.028987911857217684]
[-0.029504883511546974, -0.027090376357490197, 0.024]
[-0.03181804355723055, -0.04580049838537137, -0.009287135979145216]
[-0.028030265368660906, -0.020027756007922372, -0.0335352224951828]
[-0.04063015996391391, -0.01861817573692723, 0.024]
[-0.050504051450863646, -0.030298307143000983, -0.0056410969839552]
[-0.03801190598483643, -0.015510846886339844, -0.0304715430865084]
[-0.02066936700084921, -0.01901579566036003, 0.024000000000000004]
[-0.0178567512206656, -0.03199105685108232, 0.0004844209779402784]
[-0.020608868954182617, -0.0193313455544144, -0.023419106438512124]
[-0.03021213564933073, -0.02090434226153045, 0.024]
[-0.033299045079193894, -0.03813939220062552, -0.004165837042513744]
[-0.028865628249875885, -0.018224344759040702, -0.02837479321152206]
[-0.03782162949589084, -0.015163375053421134, 0.024]
[-0.04805660081856071, -0.02718803739303886, -0.003363204076884681]
[-0.0363151572487485, -0.013393480490476103, -0.02753252908990154]
[-0.014058393261518453, -0.020070671543056095, -0.033410557083115265]
[-0.022039747615123846, 4.7302786611452847e-17, -0.060298741748936645]
[-0.014058393261518453, 0.020070671543056095, -0.033410557083115265]
[-0.027194902487445924, -0.02183116725680404, -0.03869565177884353]
[-0.034966835935289174, 1.933577296402474e-17, -0.060611229790952854]
[-0.027194902487445924, 0.02183116725680404, -0.03869565177884353]
[-0.03970865472092436, -0.017628213282203584, -0.03341055708311526]
[-0.04546748655562409, -9.830404758284901e-18, -0.04641660800593623]
[-0.03970865472092436, 0.017628213282203584, -0.03341055708311526]
[-0.017683221739600016, -0.020098345262652913, -0.028987911857217684]
[-0.024216122763170127, 4.098266925861284e-17, -0.06158744511711249]
[-0.017683221739600016, 0.020098345262652913, -0.028987911857217684]
[-0.028030265368660906, -0.020027756007922365, -0.033535222495182794]
[-0.03435093693006043, 1.7745177926828444e-17, -0.05636825264809519]
[-0.028030265368660906, 0.020027756007922365, -0.033535222495182794]
[-0.03801190598483643, -0.015510846886339844, -0.0304715430865084]
[-0.0431102280169042, -2.944220404492937e-18, -0.042333495585359315]
[-0.03801190598483643, 0.015510846886339844, -0.0304715430865084]
[-0.020608868954182617, -0.0193313455544144, -0.023419106438512118]
[-0.025316560198072387, 3.115946310012864e-17, -0.06010032707262846]
[-0.020608868954182617, 0.0193313455544144, -0.023419106438512118]
[-0.028865628249875885, -0.018224344759040695, -0.028374793211522056]
[-0.033735037924831686, 1.6154582889632153e-17, -0.052125275505237524]
[-0.028865628249875885, 0.018224344759040695, -0.028374793211522056]
[-0.0363151572487485, -0.013393480490476103, -0.02753252908990154]
[-0.04075296947818432, 3.941963949299026e-18, -0.038250383164782395]
[-0.0363151572487485, 0.013393480490476103, -0.02753252908990154]

Weights
1.0
0.8729789959840817
1.0
0.783898026747806
0.6594031444454163
0.8487761554394432
1.0
0.8729789959840817
1.0
1.0
0.8626642388325425
1.0
0.783898026747806
0.6491960423029135
0.8487761554394385
1.0
0.8626642388325425
1.0
1.0
0.8523494816810033
1.0
0.7838980267478061
0.6389889401604107
0.8487761554394339
1.0
0.8523494816810033
1.0
1.0
0.8729789959840817
1.0
0.7838980267478057
0.6487875197812925
0.826960766323134
1.0
0.7702658617352187
1.0
1.0
0.8626642388325425
1.0
0.783898026747806
0.6146111454061602
0.8340703636105903
1.0
0.772222878872151
1.0
1.0
0.8523494816810033
1.0
0.7838980267478061
0.5804347710310281
0.8411799608980466
1.0
0.7741798960090833
1.0
1.0
0.7702658617352187
1.0
0.9812210279468823
0.7579471230318462
0.9900658447252315
1.0
0.7743415116563601
1.0
1.0
0.772222878872151
1.0
0.9812210279468824
0.7731405543118484
0.9820508425052865
1.0
0.8122037588962401
1.0
1.0
0.7741798960090833
1.0
0.9812210279468825
0.7883339855918505
0.9740358402853414
1.0
0.85006600613612
1.0
1.0
0.77434151165636
1.0
0.9827631373542687
0.8801706737293173
0.9578034091337297
1.0
0.9377409450694442
1.0
1.0
0.81220375889624
1.0
0.9827631373542687
0.8764098467536195
0.9677723697188058
1.0
0.9305456049982164
1.0
1.0
0.8500660061361199
1.0
0.9827631373542687
0.8726490197779218
0.9777413303038818
1.0
0.9233502649269885
1.0
1.0
0.9377409450694443
1.0
0.9316467682848102
0.9044298396738614
0.9835819814442879
1.0
0.9377409450694443
1.0
1.0
0.9305456049982062
1.0
0.9316467682848102
0.8973558525745478
0.9835819814442378
1.0
0.9305456049982164
1.0
1.0
0.923350264926968
1.0
0.9316467682848101
0.8902818654752342
0.9835819814441877
1.0
0.9233502649269885
1.0
1.0
0.77434151165636
1.0
0.9827631373542687
0.8801706737293173
0.9578034091337297
1.0
0.9377409450694442
1.0
1.0
0.8122037588962432
1.0
0.9827631373542687
0.8764098467537088
0.967772369718797
1.0
0.930545604998206
1.0
1.0
0.8500660061361264
1.0
0.9827631373542687
0.8726490197781003
0.9777413303038642
1.0
0.9233502649269679
1.0
1.0
0.7702658617352187
1.0
0.9812210279468823
0.7579471230318462
0.9900658447252315
1.0
0.7743415116563601
1.0
1.0
0.7722228788721525
1.0
0.9812210279468824
0.7731405543118508
0.9820508425053047
1.0
0.8122037588962432
1.0
1.0
0.7741798960090862
1.0
0.9812210279468825
0.7883339855918554
0.974035840285378
1.0
0.8500660061361263
1.0
1.0
0.8729789959840817
1.0
0.7838980267478057
0.6487875197812925
0.826960766323134
1.0
0.7702658617352187
1.0
1.0
0.8626642388325425
1.0
0.783898026747806
0.6146111454061561
0.8340703636105882
1.0
0.7722228788721525
1.0
1.0
0.8523494816810033
1.0
0.7838980267478062
0.5804347710310198
0.8411799608980423
1.0
0.7741798960090862
1.0
1.0
0.6092382881750642
1.0
0.9578034091337297
0.48238827421228037
0.9578034091337297
1.0
0.9835819814442879
1.0
1.0
0.7616416504113364
1.0
0.967772369718797
0.7101052450350835
0.9677723697188058
1.0
0.9835819814442378
1.0
1.0
0.9140450126476086
1.0
0.9777413303038642
0.9378222158578868
0.9777413303038818
1.0
0.9835819814441877
1.0
1.0
0.6889472112628505
1.0
0.9900658447252315
0.6391585944441889
0.9900658447252315
1.0
0.6092382881750642
1.0
1.0
0.7577137061580549
1.0
0.9820508425053047
0.7403459888338217
0.9820508425052865
1.0
0.7616416504113364
1.0
1.0
0.8264802010532593
1.0
0.9740358402853779
0.8415333832234546
0.9740358402853415
1.0
0.9140450126476086
1.0
1.0
0.8487761554394432
1.0
0.826960766323134
0.42870858816104995
0.826960766323134
1.0
0.6889472112628504
1.0
1.0
0.8487761554394385
1.0
0.8340703636105882
0.4957565523570971
0.8340703636105903
1.0
0.7577137061580548
1.0
1.0
0.8487761554394339
1.0
0.8411799608980424
0.5628045165531442
0.8411799608980466
1.0
0.8264802010532593
1.0
1.0
0.7702658617352187
1.0
0.8447988050164169
0.6301699575243171
0.9292033680433865
1.0
0.7708285196170093
1.0
0.9812210279468823
0.7579471230318462
0.9900658447252315
0.8744817125548361
0.6462771458428097
0.9383718273102754
1.0
0.7477584227085998
1.0
1.0
0.7743415116563601
1.0
0.9041646200932554
0.6623843341613023
0.9475402865771642
1.0
0.7246883258001904
1.0
1.0
0.7708285196170093
1.0
0.6253365672265873
0.43475528529876817
0.8484087880284821
1.0
0.7708285196170093
1.0
1.0
0.7477584227085998
1.0
0.6253365672265873
0.41309092480333276
0.8484087880284898
1.0
0.7477584227085998
1.0
1.0
0.7246883258001904
1.0
0.6253365672265873
0.39142656430789735
0.8484087880284975
1.0
0.7246883258001904
1.0
1.0
0.7702658617352187
1.0
0.8447988050164169
0.6301699575243171
0.9292033680433865
1.0
0.7708285196170093
1.0
0.9812210279468823
0.7579471230318462
0.9900658447252315
0.8744817125548361
0.6462771458428097
0.9383718273102754
1.0
0.7477584227085998
1.0
1.0
0.7743415116563601
1.0
0.9041646200932554
0.6623843341613023
0.9475402865771642
1.0
0.7246883258001904
1.0
1.0
0.6889472112628504
1.0
0.9292033680433867
0.7170546078256779
0.9292033680433867
1.0
0.8484087880284821
1.0
0.9900658447252315
0.6391585944441889
0.9900658447252315
0.9383718273102755
0.7063051400127636
0.9383718273102755
1.0
0.8484087880284898
1.0
1.0
0.6092382881750642
1.0
0.9475402865771643
0.6955556721998493
0.9475402865771643
1.0
0.8484087880284975
1.0

Patch vertices
[0.022016557478618567, -0.017438303059731656, 0.023999999999999997]
[0.021000753459727364, -0.016633731393706164, -0.027927963505144184]
[0.022016557478618567, 0.017438303059731656, 0.023999999999999997]
[0.021000753459727364, 0.016633731393706164, -0.027927963505144184]
[-0.01193331617278465, 0.025424774963266006, 0.024]
[-0.014058393261518455, 0.020070671543056095, -0.033410557083115265]
[-0.02066936700084921, 0.01901579566036003, 0.024]
[-0.020608868954182617, 0.0193313455544144, -0.023419106438512118]
[-0.02616622816211109, 0.010205475029644922, 0.023999999999999997]
[-0.030179161516945087, 0.005677051575949681, -0.011564329828884095]
[-0.02616622816211109, -0.010205475029644922, 0.023999999999999997]
[-0.030179161516945087, -0.005677051575949681, -0.011564329828884095]
[-0.02066936700084921, -0.01901579566036003, 0.024]
[-0.020608868954182617, -0.0193313455544144, -0.023419106438512118]
[-0.01193331617278465, -0.025424774963266006, 0.024]
[-0.014058393261518455, -0.020070671543056095, -0.033410557083115265]
[0.010923926963023176, -0.00865234036558947, 0.024000000000000004]
[0.010904868778320129, -0.008637245253606462, -0.02411157807267311]
[0.010923926963023176, 0.00865234036558947, 0.024000000000000004]
[0.010904868778320129, 0.008637245253606462, -0.02411157807267311]
[-0.0059209381132704735, 0.012614977842005697, 0.024000000000000004]
[-0.006441377246938466, 0.009196126797939142, -0.03341055708311527]
[-0.010255493199083246, 0.009435042837159296, 0.024000000000000004]
[-0.01240034598365719, 0.006625742538277518, -0.02341910643851211]
[-0.0129828637205564, 0.0050636373990377796, 0.024000000000000004]
[-0.015670856610603114, 0.002947870541988185, -0.00998405205864443]
[-0.012982863720556402, -0.005063637399037777, 0.024000000000000004]
[-0.015670856610603114, -0.002947870541988181, -0.00998405205864443]
[-0.010255493199083249, -0.009435042837159293, 0.024000000000000004]
[-0.01240034598365719, -0.006625742538277518, -0.02341910643851211]
[-0.005920938113270471, -0.012614977842005699, 0.024000000000000004]
[-0.006441377246938472, -0.009196126797939139, -0.03341055708311527]
[-0.04343869043193699, 0.022072976420433325, 0.024]
[-0.03970865472092436, 0.017628213282203584, -0.03341055708311526]
[-0.04343869043193699, -0.022072976420433325, 0.024]
[-0.03970865472092436, -0.017628213282203584, -0.03341055708311526]
[-0.03782162949589084, 0.015163375053421135, 0.024]
[-0.0363151572487485, 0.013393480490476103, -0.02753252908990154]
[-0.03782162949589084, -0.015163375053421135, 0.024]
[-0.0363151572487485, -0.013393480490476103, -0.02753252908990154]

Patch connectivity
[0, 1, 2, 3, 16, 17, 18, 19]
[2, 3, 4, 5, 18, 19, 20, 21]
[4, 5, 6, 7, 20, 21, 22, 23]
[6, 7, 8, 9, 22, 23, 24, 25]
[10, 11, 8, 9, 26, 27, 24, 25]
[12, 13, 10, 11, 28, 29, 26, 27]
[14, 15, 12, 13, 30, 31, 28, 29]
[0, 1, 14, 15, 16, 17, 30, 31]
[13, 7, 11, 9, 29, 23, 27, 25]
[15, 5, 13, 7, 31, 21, 29, 23]
[1, 3, 15, 5, 17, 19, 31, 21]
[4, 5, 32, 33, 6, 7, 36, 37]
[34, 35, 32, 33, 38, 39, 36, 37]
[14, 15, 34, 35, 12, 13, 38, 39]
[15, 5, 35, 33, 13, 7, 39, 37]

Number of elements per boundary
(4, 5):1
(4, 32):1
(5, 33):1
(32, 33):1
(34, 32):1
(34, 35):1
(35, 33):1
(14, 34):1
(14, 15):1
(15, 5):1
(15, 35):1
(6, 7):1
(6, 36):1
(7, 37):1
(36, 37):1
(38, 36):1
(38, 39):1
(39, 37):1
(12, 38):1
(12, 13):1
(13, 7):1
(13, 39):1
(4, 6):1
(5, 7):1
(32, 36):1
(33, 37):1
(34, 38):1
(35, 39):1
(14, 12):1
(15, 13):1
(0, 1):1
(0, 2):1
(0, 14):1
(1, 3):1
(1, 15):1
(2, 3):1
(2, 4):1
(3, 5):1
(6, 8):1
(7, 9):1
(8, 9):1
(10, 8):1
(10, 11):1
(11, 9):1
(12, 10):1
(13, 11):1
(16, 17):1
(16, 18):1
(16, 30):1
(17, 19):1
(17, 31):1
(18, 19):1
(18, 20):1
(19, 21):1
(20, 21):1
(20, 22):1
(21, 23):1
(22, 23):1
(22, 24):1
(23, 25):1
(24, 25):1
(26, 24):1
(26, 27):1
(27, 25):1
(28, 26):1
(28, 29):1
(29, 23):1
(29, 27):1
(30, 28):1
(30, 31):1
(31, 21):1
(31, 29):1
(0, 16):1
(1, 17):1
(2, 18):1
(3, 19):1
(4, 20):1
(5, 21):1
(6, 22):1
(7, 23):1
(8, 24):1
(9, 25):1
(10, 26):1
(11, 27):1
(12, 28):1
(13, 29):1
(14, 30):1
(15, 31):1


Knot values per boundary
(4, 5):[0.0, 1]
(4, 32):[0.0, 1]
(5, 33):[0.0, 1]
(32, 33):[0.0, 1]
(34, 32):[0.0, 1]
(34, 35):[0.0, 1]
(35, 33):[0.0, 1]
(14, 34):[0.0, 1]
(14, 15):[0.0, 1]
(15, 5):[0.0, 1]
(15, 35):[0.0, 1]
(6, 7):[0.0, 1]
(6, 36):[0.0, 1]
(7, 37):[0.0, 1]
(36, 37):[0.0, 1]
(38, 36):[0.0, 1]
(38, 39):[0.0, 1]
(39, 37):[0.0, 1]
(12, 38):[0.0, 1]
(12, 13):[0.0, 1]
(13, 7):[0.0, 1]
(13, 39):[0.0, 1]
(4, 6):[0.0, 1]
(5, 7):[0.0, 1]
(32, 36):[0.0, 1]
(33, 37):[0.0, 1]
(34, 38):[0.0, 1]
(35, 39):[0.0, 1]
(14, 12):[0.0, 1]
(15, 13):[0.0, 1]
(0, 1):[0.0, 1]
(0, 2):[0.0, 1]
(0, 14):[0.0, 1]
(1, 3):[0.0, 1]
(1, 15):[0.0, 1]
(2, 3):[0.0, 1]
(2, 4):[0.0, 1]
(3, 5):[0.0, 1]
(6, 8):[0.0, 1]
(7, 9):[0.0, 1]
(8, 9):[0.0, 1]
(10, 8):[0.0, 1]
(10, 11):[0.0, 1]
(11, 9):[0.0, 1]
(12, 10):[0.0, 1]
(13, 11):[0.0, 1]
(16, 17):[0.0, 1]
(16, 18):[0.0, 1]
(16, 30):[0.0, 1]
(17, 19):[0.0, 1]
(17, 31):[0.0, 1]
(18, 19):[0.0, 1]
(18, 20):[0.0, 1]
(19, 21):[0.0, 1]
(20, 21):[0.0, 1]
(20, 22):[0.0, 1]
(21, 23):[0.0, 1]
(22, 23):[0.0, 1]
(22, 24):[0.0, 1]
(23, 25):[0.0, 1]
(24, 25):[0.0, 1]
(26, 24):[0.0, 1]
(26, 27):[0.0, 1]
(27, 25):[0.0, 1]
(28, 26):[0.0, 1]
(28, 29):[0.0, 1]
(29, 23):[0.0, 1]
(29, 27):[0.0, 1]
(30, 28):[0.0, 1]
(30, 31):[0.0, 1]
(31, 21):[0.0, 1]
(31, 29):[0.0, 1]
(0, 16):[0.0, 1]
(1, 17):[0.0, 1]
(2, 18):[0.0, 1]
(3, 19):[0.0, 1]
(4, 20):[0.0, 1]
(5, 21):[0.0, 1]
(6, 22):[0.0, 1]
(7, 23):[0.0, 1]
(8, 24):[0.0, 1]
(9, 25):[0.0, 1]
(10, 26):[0.0, 1]
(11, 27):[0.0, 1]
(12, 28):[0.0, 1]
(13, 29):[0.0, 1]
(14, 30):[0.0, 1]
(15, 31):[0.0, 1]


Knot multiplicity per boundary
(4, 5):[3, 3]
(4, 32):[3, 3]
(5, 33):[3, 3]
(32, 33):[3, 3]
(34, 32):[3, 3]
(34, 35):[3, 3]
(35, 33):[3, 3]
(14, 34):[3, 3]
(14, 15):[3, 3]
(15, 5):[3, 3]
(15, 35):[3, 3]
(6, 7):[3, 3]
(6, 36):[3, 3]
(7, 37):[3, 3]
(36, 37):[3, 3]
(38, 36):[3, 3]
(38, 39):[3, 3]
(39, 37):[3, 3]
(12, 38):[3, 3]
(12, 13):[3, 3]
(13, 7):[3, 3]
(13, 39):[3, 3]
(4, 6):[3, 3]
(5, 7):[3, 3]
(32, 36):[3, 3]
(33, 37):[3, 3]
(34, 38):[3, 3]
(35, 39):[3, 3]
(14, 12):[3, 3]
(15, 13):[3, 3]
(0, 1):[3, 3]
(0, 2):[3, 3]
(0, 14):[3, 3]
(1, 3):[3, 3]
(1, 15):[3, 3]
(2, 3):[3, 3]
(2, 4):[3, 3]
(3, 5):[3, 3]
(6, 8):[3, 3]
(7, 9):[3, 3]
(8, 9):[3, 3]
(10, 8):[3, 3]
(10, 11):[3, 3]
(11, 9):[3, 3]
(12, 10):[3, 3]
(13, 11):[3, 3]
(16, 17):[3, 3]
(16, 18):[3, 3]
(16, 30):[3, 3]
(17, 19):[3, 3]
(17, 31):[3, 3]
(18, 19):[3, 3]
(18, 20):[3, 3]
(19, 21):[3, 3]
(20, 21):[3, 3]
(20, 22):[3, 3]
(21, 23):[3, 3]
(22, 23):[3, 3]
(22, 24):[3, 3]
(23, 25):[3, 3]
(24, 25):[3, 3]
(26, 24):[3, 3]
(26, 27):[3, 3]
(27, 25):[3, 3]
(28, 26):[3, 3]
(28, 29):[3, 3]
(29, 23):[3, 3]
(29, 27):[3, 3]
(30, 28):[3, 3]
(30, 31):[3, 3]
(31, 21):[3, 3]
(31, 29):[3, 3]
(0, 16):[3, 3]
(1, 17):[3, 3]
(2, 18):[3, 3]
(3, 19):[3, 3]
(4, 20):[3, 3]
(5, 21):[3, 3]
(6, 22):[3, 3]
(7, 23):[3, 3]
(8, 24):[3, 3]
(9, 25):[3, 3]
(10, 26):[3, 3]
(11, 27):[3, 3]
(12, 28):[3, 3]
(13, 29):[3, 3]
(14, 30):[3, 3]
(15, 31):[3, 3]


Boundary names
endo_r:patch3-left,patch4-left,patch5-left,patch8-left,patch11-right,patch12-right,patch13-right,patch14-right
epi:patch0-left,patch1-left,patch7-left,patch10-left,patch11-left,patch12-left,patch13-left,patch14-left
endo_l:patch0-right,patch1-right,patch2-right,patch3-right,patch4-right,patch5-right,patch6-right,patch7-right,patch8-right,patch9-right,patch10-right
septum_r:patch3-left,patch4-left,patch5-left,patch8-left
endo_r_nosep:patch11-right,patch12-right,patch13-right,patch14-right
base_r:patch11-front,patch12-front,patch13-front
base_l:patch0-front,patch1-front,patch2-front,patch3-front,patch4-front,patch5-front,patch6-front,patch7-front


