Bi-ventricle (elongated variant) multipatch geometry data

Control points
[0.02053972671060236, -0.01534510695077542, 0.0288]
[0.026329998939388647, -0.019670984693781896, -0.0030925093806842153]
[0.01959206098403183, -0.014637111555671033, -0.03351355620617302]
[0.03200396431456172, 0.0, 0.0288]
[0.04336949382223945, 1.531140751571627e-17, -0.01222989101805039]
[0.02646813716025143, 1.997644740366408e-17, -0.04527555335376665]
[0.02053972671060236, 0.01534510695077542, 0.0288]
[0.026329998939388647, 0.019670984693781896, -0.0030925093806842153]
[0.01959206098403183, 0.014637111555671033, -0.03351355620617302]
[0.015365448226936498, -0.011479434449691777, 0.0288]
[0.0201727660945134, -0.015070952869762216, -0.0015923296228108996]
[0.014882725465542028, -0.011118795162444196, -0.031223724946690373]
[0.023941665030931654, 0.0, 0.028800000000000003]
[0.03334921871663051, 1.175464940393606e-17, -0.010141263543001858]
[0.020106002082240823, 1.5268229841620144e-17, -0.0421820774862091]
[0.015365448226936498, 0.011479434449691777, 0.0288]
[0.0201727660945134, 0.015070952869762216, -0.0015923296228108996]
[0.014882725465542028, 0.011118795162444196, -0.031223724946690373]
[0.010191169743270638, -0.007613761948608137, 0.028800000000000003]
[0.014015533249638149, -0.010470921045742538, -9.214986493758376e-05]
[0.010173389947052228, -0.007600478769217358, -0.028933893687207723]
[0.01587936574730159, 0.0, 0.028800000000000006]
[0.023328943611021575, 8.197891292155849e-18, -0.008052636067953325]
[0.013743867004230213, 1.0560012279576209e-17, -0.039088601618651554]
[0.010191169743270638, 0.007613761948608137, 0.028800000000000003]
[0.014015533249638149, 0.010470921045742538, -9.214986493758376e-05]
[0.010173389947052228, 0.007600478769217358, -0.028933893687207723]
[0.02053972671060236, 0.01534510695077542, 0.0288]
[0.026329998939388647, 0.019670984693781896, -0.0030925093806842153]
[0.01959206098403183, 0.014637111555671033, -0.03351355620617302]
[0.009075489106642996, 0.030690213901550835, 0.0288]
[0.006339241312074381, 0.04022303419310627, -0.012688959096985787]
[0.0068978597110749005, 0.025635415281688386, -0.046487358246614305]
[-0.008890665726574163, 0.024048050723817258, 0.0288]
[-0.004034438055850108, 0.03348405176671922, -0.0036012506093918276]
[-0.009618651430079738, 0.022428370550238233, -0.033701128100957586]
[0.015365448226936498, 0.011479434449691777, 0.0288]
[0.0201727660945134, 0.015070952869762216, -0.0015923296228108996]
[0.014882725465542028, 0.011118795162444196, -0.031223724946690373]
[0.006789231422941341, 0.022958868899383554, 0.028800000000000003]
[0.006730614547786779, 0.031661007740943034, -0.011963860478755329]
[0.005315759816968651, 0.01906042256063089, -0.04443181716249624]
[-0.006650967943704825, 0.017989970536697583, 0.0288]
[-0.00535969211625297, 0.025142666205821416, -0.0036075728793012038]
[-0.007136718877978041, 0.016641103659044334, -0.033701128100957586]
[0.010191169743270638, 0.007613761948608137, 0.028800000000000003]
[0.014015533249638149, 0.010470921045742538, -9.214986493758376e-05]
[0.010173389947052228, 0.007600478769217358, -0.028933893687207723]
[0.004502973739239687, 0.015227523897216275, 0.028800000000000006]
[0.007121987783499177, 0.02309898128877979, -0.01123876186052487]
[0.0037336599228624022, 0.012485429839573393, -0.042376276078378176]
[-0.004411270160835488, 0.011931890349577912, 0.028800000000000003]
[-0.006684946176655831, 0.016801280644923613, -0.0036138951492105794]
[-0.004654786325876344, 0.010853836767850436, -0.033701128100957586]
[-0.008890665726574163, 0.024048050723817258, 0.0288]
[-0.004034438055850108, 0.03348405176671922, -0.0036012506093918276]
[-0.009618651430079738, 0.022428370550238233, -0.033701128100957586]
[-0.013262604259817201, 0.02243172661827566, 0.028800000000000003]
[-0.010552464500176849, 0.03137382956500271, -0.0007361193023799281]
[-0.01344308479653262, 0.02199176772037403, -0.0297310886491701]
[-0.01678589934803359, 0.019380048084425738, 0.0288]
[-0.01612331329181906, 0.02764207111222469, 0.0029835128125287403]
[-0.0166933287059083, 0.02061583873444891, -0.024491156318764386]
[-0.006650967943704825, 0.017989970536697583, 0.0288]
[-0.00535969211625297, 0.025142666205821416, -0.0036075728793012038]
[-0.007136718877978041, 0.016641103659044334, -0.033701128100957586]
[-0.009921546765438553, 0.01678082375925633, 0.028800000000000003]
[-0.010521151218674082, 0.023118358593056422, -0.0010453394334527923]
[-0.010792633363178861, 0.015996965978540757, -0.03029531476268558]
[-0.012557268702199458, 0.01449791078880672, 0.0288]
[-0.014339366392654679, 0.01963535913527819, 0.002913352023476425]
[-0.013696186549163623, 0.014311614167245376, -0.024491156318764383]
[-0.004411270160835488, 0.011931890349577912, 0.028800000000000003]
[-0.006684946176655831, 0.016801280644923613, -0.0036138951492105794]
[-0.004654786325876344, 0.010853836767850436, -0.033701128100957586]
[-0.006580489271059902, 0.011129920900237006, 0.028800000000000003]
[-0.010489837937171315, 0.014862887621110132, -0.0013545595645256564]
[-0.008142181929825104, 0.010002164236707483, -0.030859540876201064]
[-0.008328638056365327, 0.009615773493187705, 0.028800000000000003]
[-0.012555419493490297, 0.011628647158331694, 0.00284319123442411]
[-0.010699044392418946, 0.008007389600041843, -0.024491156318764383]
[-0.01678589934803359, 0.019380048084425738, 0.0288]
[-0.01612331329181906, 0.027642071112224692, 0.002983512812528742]
[-0.0166933287059083, 0.02061583873444891, -0.024491156318764386]
[-0.02100281896246625, 0.015727591294935138, 0.028800000000000003]
[-0.02561270614476341, 0.020951746262483424, 0.008668763130135248]
[-0.024949885928637172, 0.01498911669328055, -0.02007322000767992]
[-0.023320854483620784, 0.010653188575762309, 0.0288]
[-0.028619239735926026, 0.009360935667929381, 0.00990384361213139]
[-0.027629457807526327, 0.006011915040516765, -0.011168367239073282]
[-0.012557268702199458, 0.01449791078880672, 0.0288]
[-0.014339366392654675, 0.019635359135278193, 0.0029133520234764262]
[-0.013696186549163623, 0.014311614167245376, -0.024491156318764383]
[-0.015711880295900538, 0.011765565003939429, 0.028800000000000006]
[-0.02003334968980036, 0.014799923458723122, 0.0084258263725249]
[-0.01913530818979916, 0.010454085865890018, -0.019113554600939157]
[-0.017445966405727622, 0.007969483714122243, 0.0288]
[-0.021801976334818073, 0.007110913175024138, 0.0104900507624749]
[-0.02098817657041461, 0.004566833532373034, -0.01040528270503922]
[-0.008328638056365327, 0.009615773493187705, 0.028800000000000003]
[-0.012555419493490294, 0.011628647158331694, 0.0028431912344241105]
[-0.010699044392418946, 0.008007389600041843, -0.024491156318764383]
[-0.01042094162933483, 0.007803538712943719, 0.028800000000000006]
[-0.014453993234837315, 0.008648100654962817, 0.008182889614914556]
[-0.013320730450961146, 0.005919055038499486, -0.018153889194198393]
[-0.011571078327834458, 0.005285778852482177, 0.028800000000000003]
[-0.014984712933710119, 0.004860890682118896, 0.011076257912818412]
[-0.014346895333302894, 0.0031217520242293037, -0.009642198171005156]
[-0.023320854483620784, -0.010653188575762309, 0.0288]
[-0.02861923973592603, -0.009360935667929381, 0.00990384361213139]
[-0.027629457807526327, -0.006011915040516765, -0.011168367239073282]
[-0.02818733254987096, 0.0, 0.028799999999999996]
[-0.03139812080688527, 1.5069680749671472e-17, 0.00941579387879354]
[-0.028895848180095295, 2.7855690875989924e-17, -0.011680266996477295]
[-0.023320854483620784, 0.010653188575762309, 0.0288]
[-0.02861923973592603, 0.009360935667929381, 0.00990384361213139]
[-0.027629457807526327, 0.006011915040516765, -0.011168367239073282]
[-0.017445966405727622, -0.007969483714122242, 0.0288]
[-0.021801976334818063, -0.0071109131750241375, 0.01049005076247497]
[-0.020988176570414612, -0.004566833532373032, -0.01040528270503922]
[-0.021086502515484662, 7.50383616229651e-19, 0.0288]
[-0.023911840092693114, 3.72584081755193e-17, 0.010010305754494523]
[-0.021950165217883122, 2.4653869746219444e-17, -0.010882206643732309]
[-0.017445966405727622, 0.007969483714122243, 0.0288]
[-0.021801976334818073, 0.007110913175024139, 0.0104900507624749]
[-0.02098817657041461, 0.004566833532373034, -0.01040528270503922]
[-0.011571078327834458, -0.005285778852482175, 0.028800000000000003]
[-0.014984712933710096, -0.004860890682118894, 0.01107625791281855]
[-0.014346895333302896, -0.0031217520242293, -0.009642198171005156]
[-0.013985672481098364, 1.500767232459302e-18, 0.028800000000000003]
[-0.016425559378500956, 5.944713560136712e-17, 0.010604817630195506]
[-0.01500448225567095, 2.1452048616448967e-17, -0.010084146290987325]
[-0.011571078327834458, 0.005285778852482177, 0.028800000000000003]
[-0.014984712933710117, 0.004860890682118897, 0.011076257912818412]
[-0.014346895333302894, 0.0031217520242293037, -0.009642198171005156]
[-0.01678589934803359, -0.019380048084425738, 0.0288]
[-0.01612331329181906, -0.027642071112224692, 0.002983512812528742]
[-0.0166933287059083, -0.02061583873444891, -0.024491156318764386]
[-0.02100281896246625, -0.015727591294935138, 0.028800000000000003]
[-0.02561270614476341, -0.020951746262483424, 0.008668763130135248]
[-0.024949885928637172, -0.01498911669328055, -0.02007322000767992]
[-0.023320854483620784, -0.010653188575762309, 0.0288]
[-0.028619239735926026, -0.009360935667929381, 0.00990384361213139]
[-0.027629457807526327, -0.006011915040516765, -0.011168367239073282]
[-0.01255726870219946, -0.01449791078880672, 0.0288]
[-0.014339366392654679, -0.01963535913527819, 0.002913352023476412]
[-0.013696186549163623, -0.014311614167245376, -0.024491156318764383]
[-0.01571188029590054, -0.011765565003939427, 0.028800000000000006]
[-0.020033349689800327, -0.01479992345872318, 0.008425826372524592]
[-0.01913530818979918, -0.010454085865889997, -0.0191135546009391]
[-0.017445966405727622, -0.007969483714122242, 0.0288]
[-0.021801976334818063, -0.007110913175024138, 0.010490050762474971]
[-0.020988176570414612, -0.004566833532373032, -0.01040528270503922]
[-0.008328638056365328, -0.009615773493187704, 0.028800000000000003]
[-0.012555419493490297, -0.011628647158331689, 0.0028431912344240823]
[-0.010699044392418946, -0.008007389600041843, -0.024491156318764383]
[-0.010420941629334834, -0.007803538712943715, 0.028800000000000006]
[-0.014453993234837247, -0.008648100654962935, 0.008182889614913938]
[-0.013320730450961184, -0.005919055038499446, -0.01815388919419828]
[-0.011571078327834458, -0.005285778852482175, 0.028800000000000003]
[-0.014984712933710096, -0.004860890682118896, 0.011076257912818552]
[-0.014346895333302896, -0.0031217520242293, -0.009642198171005156]
[-0.008890665726574163, -0.024048050723817258, 0.0288]
[-0.004034438055850108, -0.03348405176671922, -0.0036012506093918276]
[-0.009618651430079738, -0.022428370550238233, -0.033701128100957586]
[-0.013262604259817201, -0.02243172661827566, 0.028800000000000003]
[-0.010552464500176849, -0.03137382956500271, -0.0007361193023799281]
[-0.01344308479653262, -0.02199176772037403, -0.0297310886491701]
[-0.01678589934803359, -0.019380048084425738, 0.0288]
[-0.01612331329181906, -0.02764207111222469, 0.0029835128125287403]
[-0.0166933287059083, -0.02061583873444891, -0.024491156318764386]
[-0.006650967943704827, -0.017989970536697583, 0.0288]
[-0.005359692116252972, -0.025142666205821416, -0.0036075728793012085]
[-0.007136718877978043, -0.016641103659044334, -0.033701128100957586]
[-0.009921546765438554, -0.016780823759256335, 0.0288]
[-0.010521151218674078, -0.023118358593056408, -0.0010453394334528705]
[-0.010792633363178872, -0.01599696597854075, -0.030295314762685568]
[-0.01255726870219946, -0.01449791078880672, 0.0288]
[-0.014339366392654679, -0.01963535913527819, 0.002913352023476412]
[-0.013696186549163623, -0.014311614167245376, -0.024491156318764383]
[-0.004411270160835492, -0.011931890349577912, 0.028800000000000003]
[-0.0066849461766558356, -0.016801280644923613, -0.0036138951492105894]
[-0.004654786325876349, -0.010853836767850435, -0.033701128100957586]
[-0.006580489271059908, -0.01112992090023701, 0.0288]
[-0.010489837937171306, -0.01486288762111011, -0.0013545595645258128]
[-0.008142181929825121, -0.010002164236707474, -0.030859540876201037]
[-0.008328638056365328, -0.009615773493187704, 0.028800000000000003]
[-0.012555419493490299, -0.011628647158331692, 0.002843191234424083]
[-0.010699044392418946, -0.008007389600041843, -0.024491156318764383]
[0.02053972671060236, -0.01534510695077542, 0.0288]
[0.026329998939388647, -0.019670984693781896, -0.0030925093806842153]
[0.01959206098403183, -0.014637111555671033, -0.03351355620617302]
[0.009075489106642996, -0.030690213901550835, 0.0288]
[0.006339241312074381, -0.04022303419310627, -0.012688959096985787]
[0.0068978597110749005, -0.025635415281688386, -0.046487358246614305]
[-0.008890665726574163, -0.024048050723817258, 0.0288]
[-0.004034438055850108, -0.03348405176671922, -0.0036012506093918276]
[-0.009618651430079738, -0.022428370550238233, -0.033701128100957586]
[0.015365448226936498, -0.011479434449691777, 0.0288]
[0.0201727660945134, -0.015070952869762216, -0.0015923296228108996]
[0.014882725465542028, -0.011118795162444196, -0.031223724946690373]
[0.0067892314229413405, -0.022958868899383558, 0.028800000000000006]
[0.006730614547786774, -0.031661007740943034, -0.011963860478755355]
[0.005315759816968657, -0.019060422560630882, -0.04443181716249623]
[-0.006650967943704827, -0.017989970536697583, 0.0288]
[-0.005359692116252972, -0.025142666205821416, -0.0036075728793012085]
[-0.007136718877978043, -0.016641103659044334, -0.033701128100957586]
[0.010191169743270638, -0.007613761948608137, 0.028800000000000003]
[0.014015533249638149, -0.010470921045742538, -9.214986493758376e-05]
[0.010173389947052228, -0.007600478769217358, -0.028933893687207723]
[0.0045029737392396855, -0.01522752389721628, 0.02880000000000001]
[0.007121987783499167, -0.023098981288779796, -0.011238761860524924]
[0.003733659922862415, -0.01248542983957338, -0.042376276078378156]
[-0.004411270160835492, -0.011931890349577912, 0.028800000000000003]
[-0.0066849461766558356, -0.016801280644923613, -0.0036138951492105894]
[-0.004654786325876349, -0.010853836767850435, -0.033701128100957586]
[-0.0166933287059083, -0.02061583873444891, -0.024491156318764386]
[-0.018986388692664984, 2.8252287377338204e-17, -0.10499512401466757]
[-0.0166933287059083, 0.02061583873444891, -0.024491156318764386]
[-0.024949885928637172, -0.01498911669328055, -0.02007322000767992]
[-0.02843554657611952, 3.577685294038296e-17, -0.0624082154142828]
[-0.024949885928637172, 0.01498911669328055, -0.02007322000767992]
[-0.027629457807526327, -0.006011915040516765, -0.011168367239073282]
[-0.028895848180095295, 2.7855690875989924e-17, -0.011680266996477295]
[-0.027629457807526327, 0.006011915040516765, -0.011168367239073282]
[-0.013696186549163623, -0.014311614167245376, -0.024491156318764383]
[-0.01701024455924431, 6.912468929078393e-18, -0.06970482324188607]
[-0.013696186549163623, 0.014311614167245376, -0.024491156318764383]
[-0.01913530818979918, -0.010454085865889997, -0.0191135546009391]
[-0.021754464399410423, -4.334243522837394e-17, -0.042339662271022316]
[-0.01913530818979916, 0.010454085865890018, -0.019113554600939157]
[-0.020988176570414612, -0.004566833532373032, -0.01040528270503922]
[-0.021950165217883122, 2.4653869746219444e-17, -0.010882206643732309]
[-0.02098817657041461, 0.004566833532373034, -0.01040528270503922]
[-0.010699044392418946, -0.008007389600041843, -0.024491156318764383]
[-0.015034100425823637, -1.4427349519181418e-17, -0.03441452246910456]
[-0.010699044392418946, 0.008007389600041843, -0.024491156318764383]
[-0.013320730450961184, -0.005919055038499446, -0.01815388919419828]
[-0.015073382222701326, -1.2246172339713084e-16, -0.022271109127761826]
[-0.013320730450961146, 0.005919055038499486, -0.018153889194198393]
[-0.014346895333302896, -0.0031217520242293, -0.009642198171005156]
[-0.01500448225567095, 2.1452048616448967e-17, -0.010084146290987325]
[-0.014346895333302894, 0.0031217520242293037, -0.009642198171005156]
[-0.009618651430079738, -0.022428370550238233, -0.033701128100957586]
[-0.021312590541992932, 3.649900244219904e-17, -0.09489088662988109]
[-0.009618651430079738, 0.022428370550238233, -0.033701128100957586]
[-0.013443084796532617, -0.02199176772037403, -0.0297310886491701]
[-0.020942009689824004, 3.405432870298139e-17, -0.10222660998946696]
[-0.013443084796532617, 0.02199176772037403, -0.0297310886491701]
[-0.0166933287059083, -0.02061583873444891, -0.024491156318764386]
[-0.01898638869266497, 2.967149080272311e-17, -0.10499512401466757]
[-0.0166933287059083, 0.02061583873444891, -0.024491156318764386]
[-0.007136718877978043, -0.016641103659044334, -0.033701128100957586]
[-0.015605960488426, 2.6283204235733024e-17, -0.08328152468824439]
[-0.007136718877978041, 0.016641103659044334, -0.033701128100957586]
[-0.010792633363178868, -0.01599696597854075, -0.030295314762685564]
[-0.017288314669591878, -2.5671511188046173e-17, -0.07970998990973538]
[-0.010792633363178861, 0.015996965978540757, -0.03029531476268558]
[-0.013696186549163623, -0.014311614167245376, -0.024491156318764383]
[-0.017010244559244304, 7.622070641770845e-18, -0.06970482324188607]
[-0.013696186549163623, 0.014311614167245376, -0.024491156318764383]
[-0.004654786325876349, -0.010853836767850435, -0.033701128100957586]
[-0.009899330434859067, 1.6067406029267006e-17, -0.07167216274660769]
[-0.004654786325876344, 0.010853836767850436, -0.033701128100957586]
[-0.008142181929825121, -0.010002164236707474, -0.030859540876201033]
[-0.013634619649359749, -8.539735107907374e-17, -0.057193369830003796]
[-0.008142181929825106, 0.010002164236707483, -0.030859540876201064]
[-0.010699044392418946, -0.008007389600041843, -0.024491156318764383]
[-0.015034100425823637, -1.4427349519181418e-17, -0.03441452246910456]
[-0.010699044392418946, 0.008007389600041843, -0.024491156318764383]
[0.01959206098403183, -0.014637111555671033, -0.03351355620617302]
[0.02646813716025143, 1.997644740366408e-17, -0.04527555335376665]
[0.01959206098403183, 0.014637111555671033, -0.03351355620617302]
[0.006897859711074904, -0.025635415281688386, -0.04648735824661431]
[0.008980374302353319, 6.514482303598721e-17, -0.16394325374627056]
[0.006897859711074904, 0.025635415281688386, -0.04648735824661431]
[-0.009618651430079738, -0.022428370550238233, -0.033701128100957586]
[-0.021312590541992936, 3.577069509918089e-17, -0.09489088662988111]
[-0.009618651430079738, 0.022428370550238233, -0.033701128100957586]
[0.014882725465542028, -0.011118795162444196, -0.031223724946690373]
[0.020106002082240823, 1.5268229841620144e-17, -0.0421820774862091]
[0.014882725465542028, 0.011118795162444196, -0.031223724946690373]
[0.005315759816968659, -0.019060422560630882, -0.04443181716249624]
[0.007075094035555932, 7.384231085106577e-17, -0.1407333645161191]
[0.005315759816968653, 0.01906042256063089, -0.044431817162496244]
[-0.007136718877978043, -0.016641103659044334, -0.033701128100957586]
[-0.015605960488426001, 2.591905056422395e-17, -0.0832815246882444]
[-0.007136718877978041, 0.016641103659044334, -0.033701128100957586]
[0.010173389947052228, -0.007600478769217358, -0.028933893687207723]
[0.013743867004230213, 1.0560012279576209e-17, -0.039088601618651554]
[0.010173389947052228, 0.007600478769217358, -0.028933893687207723]
[0.0037336599228624144, -0.012485429839573379, -0.042376276078378156]
[0.005169813768758546, 8.253979866614433e-17, -0.11752347528596764]
[0.0037336599228624027, 0.012485429839573391, -0.042376276078378176]
[-0.004654786325876349, -0.010853836767850435, -0.033701128100957586]
[-0.009899330434859067, 1.6067406029267006e-17, -0.07167216274660769]
[-0.004654786325876344, 0.010853836767850436, -0.033701128100957586]
[-0.008890665726574163, 0.024048050723817258, 0.0288]
[-0.004034438055850107, 0.0334840517667192, -0.003601250609391828]
[-0.009618651430079738, 0.022428370550238233, -0.033701128100957586]
[-0.026620952615360495, 0.02661337184890472, 0.02879999999999999]
[-0.03362301295310329, 0.03912596597646088, -0.008592874835580619]
[-0.024843767937510655, 0.022183678519506134, -0.0396131454914875]
[-0.03875351224086747, 0.016455707181391287, 0.028799999999999992]
[-0.04844438825527094, 0.023144435505667024, -0.0035701175525034014]
[-0.037104337770135734, 0.01531743237757988, -0.033701128100957586]
[-0.013262604259817201, 0.02243172661827566, 0.028800000000000003]
[-0.010552464500176849, 0.03137382956500271, -0.0007361193023799281]
[-0.01344308479653262, 0.02199176772037403, -0.0297310886491701]
[-0.027083140117288795, 0.02272450906540963, 0.028799999999999996]
[-0.0336711205675519, 0.03376038201344522, -0.005016325066002224]
[-0.025744149601513375, 0.020371502087407692, -0.0352047968438561]
[-0.036774589363683795, 0.014757564665244683, 0.028799999999999992]
[-0.046539229787058295, 0.02133279900120702, -0.0025014001165498214]
[-0.035627889741873045, 0.013976867905959686, -0.0321934848682036]
[-0.01678589934803359, 0.019380048084425738, 0.028799999999999996]
[-0.016123313291819062, 0.02764207111222469, 0.0029835128125287407]
[-0.0166933287059083, 0.02061583873444891, -0.024491156318764386]
[-0.027545327619217096, 0.018835646281914538, 0.028800000000000003]
[-0.03371922818200051, 0.02839479805042956, -0.0014397752964238285]
[-0.02664453126551609, 0.018559325655309246, -0.0307964481962247]
[-0.03479566648650012, 0.01305942214909808, 0.028799999999999996]
[-0.04463407131884565, 0.019521162496747013, -0.0014326826805962415]
[-0.034151441713610356, 0.012636303434339491, -0.030685841635449615]
[-0.03875351224086747, -0.016455707181391287, 0.028799999999999992]
[-0.04844438825527094, -0.023144435505667024, -0.0035701175525034014]
[-0.037104337770135734, -0.01531743237757988, -0.033701128100957586]
[-0.058408605718863395, 0.0, 0.028799999999999982]
[-0.08246676707299089, 2.0603913582349033e-17, -0.01688099774675686]
[-0.04606085567987116, 2.4186244568636913e-17, -0.047302358106730835]
[-0.03875351224086747, 0.016455707181391287, 0.028799999999999992]
[-0.04844438825527094, 0.023144435505667024, -0.0035701175525034014]
[-0.037104337770135734, 0.01531743237757988, -0.033701128100957586]
[-0.036774589363683795, -0.014757564665244683, 0.028799999999999992]
[-0.046539229787058295, -0.02133279900120702, -0.0025014001165498214]
[-0.035627889741873045, -0.013976867905959686, -0.0321934848682036]
[-0.054798254692845834, 0.0, 0.02879999999999999]
[-0.07900312965016347, 2.3724862818962524e-17, -0.015289220152465192]
[-0.043988537116835494, 2.5608304821878753e-17, -0.045186254459420275]
[-0.036774589363683795, 0.014757564665244683, 0.028799999999999992]
[-0.046539229787058295, 0.02133279900120702, -0.0025014001165498214]
[-0.035627889741873045, 0.013976867905959686, -0.0321934848682036]
[-0.03479566648650012, -0.01305942214909808, 0.028799999999999996]
[-0.04463407131884565, -0.019521162496747013, -0.0014326826805962415]
[-0.034151441713610356, -0.012636303434339491, -0.030685841635449615]
[-0.05118790366682827, 0.0, 0.028799999999999996]
[-0.07553949222733605, 2.6845812055576015e-17, -0.013697442558173527]
[-0.041916218553799824, 2.703036507512059e-17, -0.04307015081210972]
[-0.03479566648650012, 0.01305942214909808, 0.028799999999999996]
[-0.04463407131884565, 0.019521162496747013, -0.0014326826805962415]
[-0.034151441713610356, 0.012636303434339491, -0.030685841635449615]
[-0.008890665726574163, -0.024048050723817258, 0.0288]
[-0.004034438055850107, -0.0334840517667192, -0.003601250609391828]
[-0.009618651430079738, -0.022428370550238233, -0.033701128100957586]
[-0.026620952615360495, -0.02661337184890472, 0.02879999999999999]
[-0.03362301295310329, -0.03912596597646088, -0.008592874835580619]
[-0.024843767937510655, -0.022183678519506134, -0.0396131454914875]
[-0.03875351224086747, -0.016455707181391287, 0.028799999999999992]
[-0.04844438825527094, -0.023144435505667024, -0.0035701175525034014]
[-0.037104337770135734, -0.01531743237757988, -0.033701128100957586]
[-0.013262604259817201, -0.02243172661827566, 0.028800000000000003]
[-0.010552464500176849, -0.03137382956500271, -0.0007361193023799281]
[-0.01344308479653262, -0.02199176772037403, -0.0297310886491701]
[-0.027083140117288795, -0.02272450906540963, 0.028799999999999996]
[-0.0336711205675519, -0.03376038201344522, -0.005016325066002224]
[-0.025744149601513375, -0.020371502087407692, -0.0352047968438561]
[-0.036774589363683795, -0.014757564665244683, 0.028799999999999992]
[-0.046539229787058295, -0.02133279900120702, -0.0025014001165498214]
[-0.035627889741873045, -0.013976867905959686, -0.0321934848682036]
[-0.01678589934803359, -0.019380048084425738, 0.028799999999999996]
[-0.016123313291819062, -0.02764207111222469, 0.0029835128125287407]
[-0.0166933287059083, -0.02061583873444891, -0.024491156318764386]
[-0.027545327619217096, -0.018835646281914538, 0.028800000000000003]
[-0.03371922818200051, -0.02839479805042956, -0.0014397752964238285]
[-0.02664453126551609, -0.018559325655309246, -0.0307964481962247]
[-0.03479566648650012, -0.01305942214909808, 0.028799999999999996]
[-0.04463407131884565, -0.019521162496747013, -0.0014326826805962415]
[-0.034151441713610356, -0.012636303434339491, -0.030685841635449615]
[-0.009618651430079738, -0.022428370550238233, -0.033701128100957586]
[-0.021312590541992936, 3.577069509918089e-17, -0.09489088662988113]
[-0.009618651430079738, 0.022428370550238233, -0.033701128100957586]
[-0.02484376793751066, -0.022183678519506138, -0.039613145491487506]
[-0.03692190123969929, 3.700772431485855e-17, -0.0808071490093578]
[-0.02484376793751066, 0.022183678519506138, -0.039613145491487506]
[-0.037104337770135734, -0.01531743237757988, -0.033701128100957586]
[-0.04606085567987116, 2.4186244568636913e-17, -0.047302358106730835]
[-0.037104337770135734, 0.01531743237757988, -0.033701128100957586]
[-0.013443084796532617, -0.02199176772037403, -0.0297310886491701]
[-0.020942009689824004, 3.405432870298139e-17, -0.10222660998946696]
[-0.013443084796532617, 0.02199176772037403, -0.0297310886491701]
[-0.025744149601513375, -0.020371502087407692, -0.035204796843856107]
[-0.03510845540417104, 3.410176664421519e-17, -0.07944840452374355]
[-0.025744149601513375, 0.020371502087407692, -0.035204796843856107]
[-0.035627889741873045, -0.013976867905959686, -0.0321934848682036]
[-0.043988537116835494, 2.5608304821878753e-17, -0.045186254459420275]
[-0.035627889741873045, 0.013976867905959686, -0.0321934848682036]
[-0.0166933287059083, -0.02061583873444891, -0.024491156318764383]
[-0.018986388692664977, 2.8252287377338204e-17, -0.10499512401466757]
[-0.0166933287059083, 0.02061583873444891, -0.024491156318764383]
[-0.026644531265516094, -0.018559325655309246, -0.0307964481962247]
[-0.033295009568642786, 3.119580897357183e-17, -0.07808966003812928]
[-0.026644531265516094, 0.018559325655309246, -0.0307964481962247]
[-0.034151441713610356, -0.012636303434339491, -0.030685841635449615]
[-0.041916218553799824, 2.703036507512059e-17, -0.04307015081210972]
[-0.034151441713610356, 0.012636303434339491, -0.030685841635449615]

Weights
1.0
0.872978995984079
1.0
0.8011160665214746
0.6767452767033668
0.8603564307795408
1.0
0.872978995984079
1.0
1.0
0.8626642388325512
1.0
0.8011160665214745
0.6665387758694005
0.860356430779541
1.0
0.8626642388325512
1.0
1.0
0.8523494816810233
1.0
0.8011160665214745
0.6563322750354341
0.8603564307795414
1.0
0.8523494816810233
1.0
1.0
0.872978995984079
1.0
0.8011160665214746
0.6914093309085945
0.8502558921660098
1.0
0.8239119240195218
1.0
1.0
0.8626642388325512
1.0
0.8011160665214745
0.6635347956428218
0.8549634345113242
1.0
0.8236885663748262
1.0
1.0
0.8523494816810233
1.0
0.8011160665214745
0.6356602603770491
0.8596709768566385
1.0
0.8234652087301306
1.0
1.0
0.8239119240195218
1.0
0.9838730373774656
0.823379294829296
0.9892642149955599
1.0
0.8497094132660452
1.0
1.0
0.8236885663748262
1.0
0.9838730373774656
0.8228414111921396
0.9801362984851617
1.0
0.8600982243519837
1.0
1.0
0.8234652087301306
1.0
0.9838730373774657
0.8223035275549831
0.9710083819747635
1.0
0.8704870354379222
1.0
1.0
0.8497094132660451
1.0
0.9771358872661078
0.8476285682241171
0.9424626796138345
1.0
0.943472636814415
1.0
1.0
0.8600982243519837
1.0
0.9771358872661078
0.8628438653797988
0.956028041256847
1.0
0.9367131509770644
1.0
1.0
0.8704870354379223
1.0
0.9771358872661078
0.8780591625354806
0.9695934028998596
1.0
0.9299536651397139
1.0
1.0
0.9434726368144148
1.0
0.9095890843666475
0.8991701187056786
0.9778414869494334
1.0
0.9434726368144148
1.0
1.0
0.9367131509770725
1.0
0.9095890843666476
0.8925602725422135
0.9778414869494425
1.0
0.9367131509770643
1.0
1.0
0.9299536651397302
1.0
0.9095890843666478
0.8859504263787483
0.9778414869494517
1.0
0.9299536651397138
1.0
1.0
0.8497094132660451
1.0
0.9771358872661078
0.8476285682241171
0.9424626796138345
1.0
0.943472636814415
1.0
1.0
0.8600982243519846
1.0
0.9771358872661078
0.8628438653797936
0.9560280412568307
1.0
0.9367131509770725
1.0
1.0
0.870487035437924
1.0
0.9771358872661078
0.8780591625354701
0.969593402899827
1.0
0.9299536651397301
1.0
1.0
0.8239119240195218
1.0
0.9838730373774656
0.823379294829296
0.9892642149955599
1.0
0.8497094132660452
1.0
1.0
0.8236885663748251
1.0
0.9838730373774653
0.8228414111921419
0.9801362984851558
1.0
0.8600982243519846
1.0
1.0
0.8234652087301284
1.0
0.9838730373774652
0.8223035275549879
0.9710083819747518
1.0
0.8704870354379239
1.0
1.0
0.872978995984079
1.0
0.8011160665214746
0.6914093309085945
0.8502558921660098
1.0
0.8239119240195218
1.0
1.0
0.8626642388325512
1.0
0.8011160665214745
0.6635347956428213
0.8549634345113268
1.0
0.8236885663748251
1.0
1.0
0.8523494816810233
1.0
0.8011160665214743
0.635660260377048
0.859670976856644
1.0
0.8234652087301284
1.0
1.0
0.4835374704317652
1.0
0.9424626796138345
0.5792528891911253
0.9424626796138345
1.0
0.9778414869494334
1.0
1.0
0.6635660159786613
1.0
0.9560280412568307
0.7429329294086491
0.956028041256847
1.0
0.9778414869494425
1.0
1.0
0.8435945615255573
1.0
0.969593402899827
0.9066129696261729
0.9695934028998596
1.0
0.9778414869494517
1.0
1.0
0.5677921051322365
1.0
0.9892642149955599
0.514929002777561
0.9892642149955599
1.0
0.4835374704317652
1.0
1.0
0.6267561678244078
1.0
0.9801362984851558
0.6209603269180741
0.9801362984851617
1.0
0.6635660159786613
1.0
1.0
0.6857202305165792
1.0
0.9710083819747517
0.7269916510585873
0.9710083819747635
1.0
0.8435945615255573
1.0
1.0
0.8603564307795408
1.0
0.8502558921660097
0.3915318226697575
0.8502558921660097
1.0
0.5677921051322364
1.0
1.0
0.860356430779541
1.0
0.8549634345113268
0.446486017515085
0.8549634345113242
1.0
0.6267561678244078
1.0
1.0
0.8603564307795414
1.0
0.859670976856644
0.5014402123604125
0.8596709768566386
1.0
0.6857202305165792
1.0
1.0
0.8239119240195218
1.0
0.8723338204045901
0.7100906065802071
0.9223644466718445
1.0
0.8284985848615265
1.0
0.9838730373774656
0.823379294829296
0.9892642149955599
0.900149430936337
0.7359830328818172
0.9344246642976897
1.0
0.8198816680519393
1.0
1.0
0.8497094132660452
1.0
0.927965041468084
0.7618754591834274
0.946484881923535
1.0
0.8112647512423521
1.0
1.0
0.8284985848615265
1.0
0.7403544990372833
0.577204958080278
0.8440745841383767
1.0
0.8284985848615265
1.0
1.0
0.8198816680519393
1.0
0.7403544990372833
0.5687868349643225
0.8440745841383697
1.0
0.8198816680519393
1.0
1.0
0.8112647512423521
1.0
0.7403544990372833
0.5603687118483669
0.8440745841383626
1.0
0.8112647512423521
1.0
1.0
0.8239119240195218
1.0
0.8723338204045901
0.7100906065802071
0.9223644466718445
1.0
0.8284985848615265
1.0
0.9838730373774656
0.823379294829296
0.9892642149955599
0.900149430936337
0.7359830328818172
0.9344246642976897
1.0
0.8198816680519393
1.0
1.0
0.8497094132660452
1.0
0.927965041468084
0.7618754591834274
0.946484881923535
1.0
0.8112647512423521
1.0
1.0
0.5677921051322364
1.0
0.9223644466718444
0.6427134494630111
0.9223644466718444
1.0
0.8440745841383767
1.0
0.9892642149955599
0.514929002777561
0.9892642149955599
0.9344246642976897
0.625371252739779
0.9344246642976897
1.0
0.8440745841383697
1.0
1.0
0.4835374704317652
1.0
0.946484881923535
0.6080290560165469
0.946484881923535
1.0
0.8440745841383626
1.0

Patch vertices
[0.02053972671060236, -0.01534510695077542, 0.0288]
[0.019592060984031833, -0.014637111555671033, -0.03351355620617302]
[0.02053972671060236, 0.01534510695077542, 0.0288]
[0.019592060984031833, 0.014637111555671033, -0.03351355620617302]
[-0.008890665726574163, 0.024048050723817258, 0.0288]
[-0.009618651430079738, 0.022428370550238233, -0.033701128100957586]
[-0.01678589934803359, 0.019380048084425738, 0.0288]
[-0.0166933287059083, 0.02061583873444891, -0.024491156318764383]
[-0.023320854483620784, 0.01065318857576231, 0.0288]
[-0.027629457807526327, 0.006011915040516765, -0.011168367239073282]
[-0.023320854483620784, -0.01065318857576231, 0.0288]
[-0.027629457807526327, -0.006011915040516765, -0.011168367239073282]
[-0.01678589934803359, -0.019380048084425738, 0.0288]
[-0.0166933287059083, -0.02061583873444891, -0.024491156318764383]
[-0.008890665726574163, -0.024048050723817258, 0.0288]
[-0.009618651430079738, -0.022428370550238233, -0.033701128100957586]
[0.010191169743270638, -0.007613761948608136, 0.028800000000000003]
[0.010173389947052228, -0.007600478769217358, -0.028933893687207723]
[0.010191169743270638, 0.007613761948608136, 0.028800000000000003]
[0.010173389947052228, 0.007600478769217358, -0.028933893687207723]
[-0.004411270160835488, 0.011931890349577912, 0.028800000000000003]
[-0.004654786325876344, 0.010853836767850435, -0.033701128100957586]
[-0.008328638056365327, 0.009615773493187705, 0.028800000000000003]
[-0.010699044392418944, 0.008007389600041843, -0.024491156318764383]
[-0.011571078327834458, 0.005285778852482177, 0.028800000000000003]
[-0.014346895333302894, 0.0031217520242293037, -0.009642198171005156]
[-0.011571078327834458, -0.005285778852482175, 0.028800000000000003]
[-0.014346895333302896, -0.0031217520242293, -0.009642198171005156]
[-0.008328638056365328, -0.009615773493187702, 0.028800000000000003]
[-0.010699044392418944, -0.008007389600041843, -0.024491156318764383]
[-0.004411270160835492, -0.011931890349577912, 0.028800000000000003]
[-0.004654786325876349, -0.010853836767850433, -0.033701128100957586]
[-0.03875351224086747, 0.016455707181391287, 0.028799999999999992]
[-0.037104337770135734, 0.015317432377579878, -0.033701128100957586]
[-0.03875351224086747, -0.016455707181391287, 0.028799999999999992]
[-0.037104337770135734, -0.015317432377579878, -0.033701128100957586]
[-0.03479566648650012, 0.01305942214909808, 0.028799999999999996]
[-0.034151441713610356, 0.012636303434339491, -0.030685841635449615]
[-0.03479566648650012, -0.01305942214909808, 0.028799999999999996]
[-0.034151441713610356, -0.012636303434339491, -0.030685841635449615]

Patch connectivity
[0, 1, 2, 3, 16, 17, 18, 19]
[2, 3, 4, 5, 18, 19, 20, 21]
[4, 5, 6, 7, 20, 21, 22, 23]
[6, 7, 8, 9, 22, 23, 24, 25]
[10, 11, 8, 9, 26, 27, 24, 25]
[12, 13, 10, 11, 28, 29, 26, 27]
[14, 15, 12, 13, 30, 31, 28, 29]
[0, 1, 14, 15, 16, 17, 30, 31]
[13, 7, 11, 9, 29, 23, 27, 25]
[15, 5, 13, 7, 31, 21, 29, 23]
[1, 3, 15, 5, 17, 19, 31, 21]
[4, 5, 32, 33, 6, 7, 36, 37]
[34, 35, 32, 33, 38, 39, 36, 37]
[14, 15, 34, 35, 12, 13, 38, 39]
[15, 5, 35, 33, 13, 7, 39, 37]

Number of elements per boundary
(4, 5):1
(4, 32):1
(5, 33):1
(32, 33):1
(34, 32):1
(34, 35):1
(35, 33):1
(14, 34):1
(14, 15):1
(15, 5):1
(15, 35):1
(6, 7):1
(6, 36):1
(7, 37):1
(36, 37):1
(38, 36):1
(38, 39):1
(39, 37):1
(12, 38):1
(12, 13):1
(13, 7):1
(13, 39):1
(4, 6):1
(5, 7):1
(32, 36):1
(33, 37):1
(34, 38):1
(35, 39):1
(14, 12):1
(15, 13):1
(0, 1):1
(0, 2):1
(0, 14):1
(1, 3):1
(1, 15):1
(2, 3):1
(2, 4):1
(3, 5):1
(6, 8):1
(7, 9):1
(8, 9):1
(10, 8):1
(10, 11):1
(11, 9):1
(12, 10):1
(13, 11):1
(16, 17):1
(16, 18):1
(16, 30):1
(17, 19):1
(17, 31):1
(18, 19):1
(18, 20):1
(19, 21):1
(20, 21):1
(20, 22):1
(21, 23):1
(22, 23):1
(22, 24):1
(23, 25):1
(24, 25):1
(26, 24):1
(26, 27):1
(27, 25):1
(28, 26):1
(28, 29):1
(29, 23):1
(29, 27):1
(30, 28):1
(30, 31):1
(31, 21):1
(31, 29):1
(0, 16):1
(1, 17):1
(2, 18):1
(3, 19):1
(4, 20):1
(5, 21):1
(6, 22):1
(7, 23):1
(8, 24):1
(9, 25):1
(10, 26):1
(11, 27):1
(12, 28):1
(13, 29):1
(14, 30):1
(15, 31):1


Knot values per boundary
(4, 5):[0.0, 1]
(4, 32):[0.0, 1]
(5, 33):[0.0, 1]
(32, 33):[0.0, 1]
(34, 32):[0.0, 1]
(34, 35):[0.0, 1]
(35, 33):[0.0, 1]
(14, 34):[0.0, 1]
(14, 15):[0.0, 1]
(15, 5):[0.0, 1]
(15, 35):[0.0, 1]
(6, 7):[0.0, 1]
(6, 36):[0.0, 1]
(7, 37):[0.0, 1]
(36, 37):[0.0, 1]
(38, 36):[0.0, 1]
(38, 39):[0.0, 1]
(39, 37):[0.0, 1]
(12, 38):[0.0, 1]
(12, 13):[0.0, 1]
(13, 7):[0.0, 1]
(13, 39):[0.0, 1]
(4, 6):[0.0, 1]
(5, 7):[0.0, 1]
(32, 36):[0.0, 1]
(33, 37):[0.0, 1]
(34, 38):[0.0, 1]
(35, 39):[0.0, 1]
(14, 12):[0.0, 1]
(15, 13):[0.0, 1]
(0, 1):[0.0, 1]
(0, 2):[0.0, 1]
(0, 14):[0.0, 1]
(1, 3):[0.0, 1]
(1, 15):[0.0, 1]
(2, 3):[0.0, 1]
(2, 4):[0.0, 1]
(3, 5):[0.0, 1]
(6, 8):[0.0, 1]
(7, 9):[0.0, 1]
(8, 9):[0.0, 1]
(10, 8):[0.0, 1]
(10, 11):[0.0, 1]
(11, 9):[0.0, 1]
(12, 10):[0.0, 1]
(13, 11):[0.0, 1]
(16, 17):[0.0, 1]
(16, 18):[0.0, 1]
(16, 30):[0.0, 1]
(17, 19):[0.0, 1]
(17, 31):[0.0, 1]
(18, 19):[0.0, 1]
(18, 20):[0.0, 1]
(19, 21):[0.0, 1]
(20, 21):[0.0, 1]
(20, 22):[0.0, 1]
(21, 23):[0.0, 1]
(22, 23):[0.0, 1]
(22, 24):[0.0, 1]
(23, 25):[0.0, 1]
(24, 25):[0.0, 1]
(26, 24):[0.0, 1]
(26, 27):[0.0, 1]
(27, 25):[0.0, 1]
(28, 26):[0.0, 1]
(28, 29):[0.0, 1]
(29, 23):[0.0, 1]
(29, 27):[0.0, 1]
(30, 28):[0.0, 1]
(30, 31):[0.0, 1]
(31, 21):[0.0, 1]
(31, 29):[0.0, 1]
(0, 16):[0.0, 1]
(1, 17):[0.0, 1]
(2, 18):[0.0, 1]
(3, 19):[0.0, 1]
(4, 20):[0.0, 1]
(5, 21):[0.0, 1]
(6, 22):[0.0, 1]
(7, 23):[0.0, 1]
(8, 24):[0.0, 1]
(9, 25):[0.0, 1]
(10, 26):[0.0, 1]
(11, 27):[0.0, 1]
(12, 28):[0.0, 1]
(13, 29):[0.0, 1]
(14, 30):[0.0, 1]
(15, 31):[0.0, 1]


Knot multiplicity per boundary
(4, 5):[3, 3]
(4, 32):[3, 3]
(5, 33):[3, 3]
(32, 33):[3, 3]
(34, 32):[3, 3]
(34, 35):[3, 3]
(35, 33):[3, 3]
(14, 34):[3, 3]
(14, 15):[3, 3]
(15, 5):[3, 3]
(15, 35):[3, 3]
(6, 7):[3, 3]
(6, 36):[3, 3]
(7, 37):[3, 3]
(36, 37):[3, 3]
(38, 36):[3, 3]
(38, 39):[3, 3]
(39, 37):[3, 3]
(12, 38):[3, 3]
(12, 13):[3, 3]
(13, 7):[3, 3]
(13, 39):[3, 3]
(4, 6):[3, 3]
(5, 7):[3, 3]
(32, 36):[3, 3]
(33, 37):[3, 3]
(34, 38):[3, 3]
(35, 39):[3, 3]
(14, 12):[3, 3]
(15, 13):[3, 3]
(0, 1):[3, 3]
(0, 2):[3, 3]
(0, 14):[3, 3]
(1, 3):[3, 3]
(1, 15):[3, 3]
(2, 3):[3, 3]
(2, 4):[3, 3]
(3, 5):[3, 3]
(6, 8):[3, 3]
(7, 9):[3, 3]
(8, 9):[3, 3]
(10, 8):[3, 3]
(10, 11):[3, 3]
(11, 9):[3, 3]
(12, 10):[3, 3]
(13, 11):[3, 3]
(16, 17):[3, 3]
(16, 18):[3, 3]
(16, 30):[3, 3]
(17, 19):[3, 3]
(17, 31):[3, 3]
(18, 19):[3, 3]
(18, 20):[3, 3]
(19, 21):[3, 3]
(20, 21):[3, 3]
(20, 22):[3, 3]
(21, 23):[3, 3]
(22, 23):[3, 3]
(22, 24):[3, 3]
(23, 25):[3, 3]
(24, 25):[3, 3]
(26, 24):[3, 3]
(26, 27):[3, 3]
(27, 25):[3, 3]
(28, 26):[3, 3]
(28, 29):[3, 3]
(29, 23):[3, 3]
(29, 27):[3, 3]
(30, 28):[3, 3]
(30, 31):[3, 3]
(31, 21):[3, 3]
(31, 29):[3, 3]
(0, 16):[3, 3]
(1, 17):[3, 3]
(2, 18):[3, 3]
(3, 19):[3, 3]
(4, 20):[3, 3]
(5, 21):[3, 3]
(6, 22):[3, 3]
(7, 23):[3, 3]
(8, 24):[3, 3]
(9, 25):[3, 3]
(10, 26):[3, 3]
(11, 27):[3, 3]
(12, 28):[3, 3]
(13, 29):[3, 3]
(14, 30):[3, 3]
(15, 31):[3, 3]


Boundary names
endo_r:patch3-left,patch4-left,patch5-left,patch8-left,patch11-right,patch12-right,patch13-right,patch14-right
epi:patch0-left,patch1-left,patch7-left,patch10-left,patch11-left,patch12-left,patch13-left,patch14-left
endo_l:patch0-right,patch1-right,patch2-right,patch3-right,patch4-right,patch5-right,patch6-right,patch7-right,patch8-right,patch9-right,patch10-right
septum_r:patch3-left,patch4-left,patch5-left,patch8-left
endo_r_nosep:patch11-right,patch12-right,patch13-right,patch14-right
base_r:patch11-front,patch12-front,patch13-front
base_l:patch0-front,patch1-front,patch2-front,patch3-front,patch4-front,patch5-front,patch6-front,patch7-front


